picocom v3.1

port is        : /dev/serial/by-id/usb-STMicroelectronics_STM32_STLink_066CFF495277504867202954-if02
flowcontrol    : none
baudrate is    : 115200
parity is      : none
databits are   : 8
stopbits are   : 1
escape is      : C-a
local echo is  : yes
noinit is      : no
noreset is     : no
hangup is      : no
nolock is      : no
send_cmd is    : sz -vv
receive_cmd is : rz -vv -E
imap is        : lfcrlf,
omap is        : 
emap is        : crcrlf,delbs,
logfile is     : none
initstring     : none
exit_after is  : not set
exit is        : no

Type [C-a] [C-h] to see available commands
Terminal ready
14, 16, 1008
14, 18, 987
14, 18, 987
13, 16, 1008
13, 16, 1008
11, 21, 1012
15, 18, 1001
15, 18, 1001
8, 23, 1002
8, 23, 1002
7, 33, 1008
7, 33, 1008
37, 38, 999
37, 38, 999
89, 17, 1018
89, 17, 1018
114, 95, 1013
91, 199, 1006
91, 199, 1006
22, 222, 1007
22, 222, 1007
-10, 267, 1004
-10, 267, 1004
-51, 290, 1003
-51, 290, 1003
-9, 300, 996
42, 240, 1017
42, 240, 1017
63, 270, 993
63, 270, 993
-14, 255, 1011
-14, 255, 1011
-75, 235, 999
-75, 235, 999
-24, 239, 1010
-24, 239, 1010
-85, 130, 1010
-118, 7, 1009
-118, 7, 1009
-91, -79, 1002
-91, -79, 1002
-76, -167, 1030
-76, -167, 1030
-97, -71, 1002
-97, -71, 1002
-79, -166, 983
-43, -268, 1010
-43, -268, 1010
-77, -313, 1009
-77, -313, 1009
-90, -326, 1034
-90, -326, 1034
-69, -375, 981
-69, -375, 981
-12, -372, 1025
-12, -372, 1025
89, -335, 1006
54, -275, 1011
54, -275, 1011
137, -269, 1008
137, -269, 1008
76, -281, 1016
76, -281, 1016
142, -257, 1005
142, -257, 1005
139, -263, 1009
139, -263, 1009
234, -241, 1015
200, -251, 1010
200, -251, 1010
247, -132, 994
247, -132, 994
263, -29, 1031
263, -29, 1031
315, -8, 1004
315, -8, 1004
332, 25, 1016
296, 126, 998
296, 126, 998
202, 205, 1008
202, 205, 1008
186, 280, 1013
186, 280, 1013
231, 230, 1001
231, 230, 1001
170, 326, 1014
170, 326, 1014
80, 424, 998
51, 421, 984
51, 421, 984
0, 496, 999
0, 496, 999
-82, 532, 1001
-82, 532, 1001
-147, 516, 989
-147, 516, 989
-157, 443, 1003
-185, 496, 1010
-185, 496, 1010
-249, 463, 1011
-249, 463, 1011
-209, 273, 984
-209, 273, 984
-180, 91, 1006
-180, 91, 1006
-171, 41, 1020
-171, 41, 1020
-207, 62, 976
-158, -118, 1021
-158, -118, 1021
-137, -298, 1009
-137, -298, 1009
-101, -473, 994
-101, -473, 994
1, -629, 1035
1, -629, 1035
100, -637, 989
100, -637, 989
55, -433, 1027
138, -340, 1001
138, -340, 1001
185, -350, 1015
185, -350, 1015
247, -384, 994
247, -384, 994
217, -172, 1011
217, -172, 1011
222, 118, 1019
206, 247, 1003
206, 247, 1003
150, 347, 1002
150, 347, 1002
58, 408, 1005
58, 408, 1005
40, 387, 1003
40, 387, 1003
38, 263, 1003
38, 263, 1003
-65, 238, 998
-122, 228, 1012
-122, 228, 1012
-108, 94, 997
-108, 94, 997
-56, -165, 1016
-56, -165, 1016
-32, -304, 1008

Terminating...
Thanks for using picocom
