data
-13, 17
-19, 18
-5, 15
-17, 20
-12, 14
-12, 10
-13, 13
-11, 15
-12, 16
-12, 22
-8, 24
62, 80
111, 148
-46, 441
-161, 729
-56, 304
66, 250
-141, 789
-114, 497
98, 59
35, 29
20, 260
-296, 669
-74, 723
-68, 346
-72, 90
-13, 41
117, -128
159, -385
116, -465
80, -651
51, -616
33, -555
27, -335
-35, -124
-56, -125
21, -147
-6, -162
-18, -207
-5, -190
-48, -89
-22, -101
data
-13, 17
-16, 0
-5, 29
-12, 13
-13, 13
-12, 14
-12, 15
-12, 16
-12, 13
-13, 15
-10, 13
-14, 19
-13, 13
-11, 12
-14, 24
-8, 8
-13, 11
-16, 16
-12, 15
-13, 13
-14, 14
-14, 13
-11, 14
-12, 15
-13, 16
-12, 15
-13, 14
-12, 12
-14, 14
-13, 14
-13, 15
-13, 15
-12, 16
-12, 15
-1, 8
27, 38
-30, 0
-38, -5
-25, 9
-22, 27
-40, 36
-143, 14
-135, 20
-214, 49
-387, 27
-419, -111
-458, -126
-373, -91
-248, -164
-338, -63
-251, 13
-178, 14
-183, 77
-92, 99
26, 122
199, 105
117, 9
427, -100
238, 102
345, 24
215, 31
290, 22
246, 13
242, -13
228, -20
194, -3
168, 35
73, 42
-7, 17
-11, 17
-13, 18
-13, 15
-14, 15
-14, 15
-13, 14
-10, 16
-106, -16
66, 42
-79, -5
data
-10, 14
-11, 12
-9, 18
-12, 15
-11, 14
-11, 13
-13, 12
-12, 12
-11, 15
-8, 16
-13, 16
-6, 16
-5, 14
-17, 16
-6, 14
-31, 29
0, 4
-8, 11
-11, -1
-162, -174
-21, -258
-88, -530
-11, -820
-60, -958
-139, -884
-119, -674
-154, -478
-83, -379
34, -134
-108, 132
5, 295
89, 164
113, 90
90, 33
138, 90
10, 423
30, 597
-12, 555
112, 569
40, 349
43, 407
-14, 422
-4, 353
19, 336
2, 284
27, 236
34, 257
-7, 37
-11, 16
-10, 15
-12, 16
-12, 17
-11, 17
-11, 15
-11, 16
-11, 15
-10, 16
-11, 17
-11, 18
-10, 16
-10, 16
-9, 16
-10, 16
-10, 18
-11, 17
-12, 16
-11, 15
-12, 14
-10, 16
data
-8, 15
-13, 12
-9, 18
-9, 18
-11, 16
-12, 17
-11, 16
-12, 17
-10, 15
-10, 13
-12, 12
-5, 15
-11, 13
-11, 23
-9, 14
-9, 19
-10, 16
12, 3
-8, 20
-12, 17
-10, 16
-11, 13
-12, 14
-13, 15
-11, 16
-11, 18
-10, 19
-10, 17
-9, 15
-8, 16
-7, 16
-7, 16
-7, 17
152, -14
585, -52
287, -55
332, -108
462, -163
376, -75
394, -131
349, -133
358, -107
270, 32
216, 139
197, 130
68, 117
37, 117
-117, 85
-72, 25
-164, -126
-109, -124
-216, -46
-291, 107
-368, 183
-369, 164
-349, 85
-358, 43
-387, 96
-271, 6
-352, 62
-318, 115
-298, 115
-325, 139
-108, 53
-17, 18
-11, 17
-10, 15
-10, 13
-10, 12
-10, 13
-13, 17
-12, 20
-14, 23
data
-12, 15
-14, 12
-9, 21
-13, 16
-13, 18
-15, 17
-16, 19
-10, 15
-13, 15
-10, 16
-9, 17
-14, 18
-3, 15
-13, 15
-12, 14
-16, 19
-13, 21
-13, 19
-11, 18
-12, 16
-12, 16
-8, 19
90, 107
37, 87
-33, 161
-5, 278
-53, 449
-36, 605
-77, 759
-30, 836
24, 879
-1, 790
55, 758
53, 741
123, 648
79, 545
4, 439
29, 345
6, 134
8, -206
115, -269
101, -343
81, -480
13, -481
0, -534
-95, -567
-48, -630
-83, -609
19, -632
39, -553
72, -530
67, -522
48, -528
9, -501
-21, -356
-48, -234
-26, -138
-13, -33
-13, 9
-12, 17
-12, 16
-12, 14
-13, 16
-12, 16
-11, 16
-10, 17
-13, 16
-12, 15
-13, 15
-12, 13
-12, 15
-13, 17
-11, 18
-12, 18
-12, 16
-11, 17
data
-13, 15
-22, 24
-3, 5
-13, 15
-13, 16
-12, 15
-11, 14
-12, 14
-13, 14
-10, 15
-11, 15
-11, 15
-9, 15
-13, 15
-8, 17
-17, 15
-18, 23
-10, 6
-13, 8
-18, 13
-15, 15
-61, -17
-332, -83
-236, -76
-396, 54
-502, 47
-518, 75
-409, 44
-345, -58
-338, -91
-302, -42
-366, -45
-266, 55
-309, 225
-270, 275
25, 135
302, 14
256, 14
322, 59
271, 65
247, -58
334, -141
287, -131
317, -9
370, -48
394, 57
464, -59
333, -59
211, -17
102, -4
63, 7
30, 30
-20, 44
-63, 129
-58, 130
-11, 17
-12, 15
-12, 15
-13, 14
-12, 15
-13, 16
-13, 16
-12, 17
-12, 16
-11, 14
-12, 15
-10, 15
-10, 15
-11, 16
-11, 16
-11, 16
-11, 15
-11, 15
-12, 15
-12, 14
-13, 15
-13, 15
-11, 15
-12, 16
-11, 17
-11, 16
-10, 17
-11, 15
-10, 15
-10, 15
-10, 16
-11, 17
-11, 16
data
-11, 16
-14, 21
-10, 12
-10, 16
-12, 16
-13, 15
-10, 15
-8, 15
-10, 17
-8, 18
-10, 17
-28, 24
5, 10
-12, 14
-11, 14
-12, 16
-5, 11
-15, 24
-11, 16
-13, 17
-12, 16
-11, 13
-11, 13
-12, 15
-12, 17
-12, 17
-10, 14
-11, 15
-11, 18
-10, 18
-174, -109
48, 66
-67, -28
-20, -10
-75, -97
-1, -170
-8, -382
-81, -411
-150, -495
-145, -543
-99, -638
-23, -818
109, -971
166, -1052
137, -886
56, -744
30, -518
14, -466
68, -287
114, -131
145, 114
73, 308
61, 377
27, 386
8, 422
-38, 521
-67, 713
-22, 716
2, 687
62, 765
-32, 758
26, 687
32, 589
35, 479
46, 378
52, 292
58, 316
33, 208
33, 152
16, 150
0, 170
0, 103
-9, 20
-10, 20
-11, 17
-12, 15
-12, 13
-11, 17
-11, 16
-12, 18
-12, 18
-10, 19
-12, 18
-11, 15
-11, 15
-10, 17
-8, 17
-9, 17
-11, 17
-10, 16
-11, 17
-11, 18
-11, 19
data
-12, 16
-10, 14
-17, 12
-11, 16
-13, 14
-12, 14
-11, 15
-11, 15
-11, 14
-14, 15
-7, 18
21, 23
40, 28
106, -56
92, 100
85, 72
-1, 165
89, 332
23, 421
-87, 390
17, 223
-16, 203
-4, 244
-16, 309
-57, 322
-37, 274
32, 216
-26, 230
-110, 156
87, 118
1, 30
8, -11
22, -104
11, -148
49, -157
-4, -184
58, -257
7, -320
65, -331
50, -291
29, -310
12, -268
-1, -163
-2, -100
-138, -30
10, -162
31, -175
19, -181
87, -210
24, -150
57, -97
-15, 5
-7, -24
46, -83
-45, -26
-8, -8
24, -61
13, -79
22, -69
13, -79
63, -139
63, -171
-9, -118
-12, -88
-8, -144
-32, -157
-37, -171
-66, -151
-72, -148
-60, -152
-33, -211
-104, -113
-159, -52
-160, -50
-157, -56
-156, -114
-133, -116
-193, -45
-139, 18
-164, 69
-78, 77
-82, 83
-35, 94
-56, 111
-62, 177
-73, 219
-26, 206
-2, 204
23, 186
37, 245
70, 280
77, 240
69, 273
67, 289
32, 264
37, 222
21, 214
19, 239
30, 194
62, 103
-5, 19
-9, 17
-11, 17
-13, 18
-13, 20
-11, 18
-10, 17
-10, 17
-10, 16
-16, 33
-3, 16
-13, 16
-15, 7
-12, 17
-20, 24
-98, 32
-8, 60
-27, 13
23, 3
5, -18
0, -16
-20, 8
-2, 25
-2, 35
-30, 31
-4, 24
-46, -7
36, 28
-19, 2
16, 28
-10, 17
6, 44
-9, 22
-20, 36
-5, -6
-34, 33
14, -4
-12, 15
-17, 13
-11, 21
-8, 24
-18, 23
-91, 48
-38, 82
23, -19
-5, -6
6, -16
10, -2
-5, 15
-1, 23
-7, 24
-25, 4
0, 28
-25, 2
-11, 11
-2, 25
-6, 19
data
-13, 17
-8, 12
-16, 20
-13, 18
-11, 18
-10, 17
-12, 18
-11, 17
-13, 20
16, 36
61, 73
55, 128
4, 221
80, 396
-7, 352
65, 341
84, 373
63, 383
88, 395
24, 371
13, 354
61, 281
0, 273
5, 279
-34, 216
-36, 236
-64, 237
-38, 185
-124, 150
-111, 133
-57, 110
-108, 27
-31, -81
-84, -124
-62, -31
-29, -7
-65, -108
-119, -119
-37, -165
-104, -191
-80, -234
-77, -271
-70, -282
-72, -353
-80, -330
-126, -272
-129, -236
-107, -231
-18, -260
-62, -217
-62, -199
-32, -207
-51, -205
-34, -203
-66, -223
-36, -255
-27, -294
-1, -237
27, -147
35, -152
101, -143
125, -105
96, -166
127, -190
139, -242
171, -194
156, -201
196, -108
165, 6
197, 30
171, 65
173, 74
169, 62
145, 107
128, 168
126, 159
131, 188
70, 246
49, 232
18, 238
-3, 244
18, 231
-40, 238
-18, 224
-131, 246
-69, 269
-94, 254
-113, 224
-165, 146
-166, 94
-175, 118
-133, 130
-237, 89
-153, 114
-159, 28
-141, -32
-88, -82
-64, -115
-67, -96
-65, -19
-23, -91
24, -182
16, -162
43, -180
87, -206
29, -94
33, -65
-24, 20
20, -24
-4, 6
-11, 16
-11, 17
-13, 17
-13, 17
-13, 16
-12, 15
-13, 16
-12, 16
data
-11, 15
-12, 19
-14, 12
-12, 15
-12, 16
-13, 16
-10, 15
-11, 15
-11, 15
-13, 15
-15, 15
-12, 20
-13, 13
-12, 14
-12, 17
-11, 15
-14, 17
-12, 17
-3, 24
-11, 14
-14, 13
-13, 15
-14, 17
-13, 17
-13, 17
-13, 16
-12, 15
-12, 15
-12, 15
-13, 16
-12, 16
-13, 14
-12, 15
-11, 16
-12, 16
-13, 16
-14, 15
-13, 16
-13, 17
-12, 16
-11, 16
-12, 15
-12, 16
-12, 16
-12, 16
-12, 16
-12, 16
-12, 16
-11, 16
-12, 15
-12, 16
-11, 17
-12, 16
-12, 15
-13, 16
-12, 15
-12, 15
-13, 16
-14, 16
-12, 16
-12, 16
-13, 15
-13, 16
-12, 16
-13, 15
-13, 16
-13, 16
-14, 16
-20, 19
-7, 14
-94, 59
-35, 32
-91, 7
-130, 25
-67, 11
-127, 28
-110, 17
-96, 3
-124, -23
-98, -76
-134, -105
-133, -71
-146, -72
-154, -66
-178, -78
-162, -133
-97, -169
-118, -205
-110, -270
-98, -295
-106, -291
-88, -260
-91, -242
-45, -229
-48, -284
-44, -318
-18, -350
-27, -388
26, -337
33, -346
6, -415
104, -456
230, -346
283, -260
301, -249
353, -192
301, -172
277, -147
235, -14
221, 62
186, 244
169, 305
110, 445
87, 522
89, 543
19, 599
15, 648
21, 561
30, 496
24, 442
-14, 441
-42, 465
-50, 460
-3, 207
4, 155
2, 179
-2, 165
32, 160
40, 129
58, 121
5, 31
-10, 15
-10, 15
-12, 16
-11, 16
-11, 15
-10, 15
-10, 16
-10, 16
-11, 17
-11, 17
-11, 16
-11, 16
-11, 15
-10, 16
-10, 17
-10, 16
-9, 15
-12, 16
-13, 16
-12, 16
-10, 17
data
-11, 15
-9, 11
-13, 17
-11, 16
-11, 15
-9, 16
-9, 17
-11, 16
-14, 16
-12, 14
-11, 22
-10, 6
-10, 12
-10, 18
-11, 13
-3, 17
-7, 13
6, 13
96, 4
108, 7
70, 5
130, -51
71, -39
110, -46
128, -52
114, -57
147, -87
150, -134
140, -180
155, -199
127, -138
94, -92
140, -68
85, -61
95, -39
50, 5
91, -3
31, 35
4, 58
-5, 80
6, 47
-46, 53
-68, 52
-54, 68
-71, 19
-101, 62
-111, 71
-127, 73
-94, 80
-151, 73
-130, 83
-80, 34
-94, -8
-165, 89
-235, 226
-281, 285
-287, 328
-81, 148
-132, 93
-130, 62
-146, 39
-34, 6
-16, -31
-24, 17
-10, 16
-8, 14
-12, 14
-8, 10
-12, 12
-11, 13
-11, 15
-12, 15
-13, 14
-12, 14
-13, 15
-10, 15
-12, 16
-10, 15
-13, 14
-11, 14
-10, 8
-12, 15
-13, 13
-12, 15
-13, 15
-11, 14
-11, 14
-11, 15
-13, 12
-12, 13
-12, 13
-13, 13
-12, 14
-12, 15
-12, 16
-13, 13
-11, 14
-13, 13
-12, 13
-12, 13
-12, 15
-13, 14
-13, 13
-12, 13
-11, 15
-12, 14
-13, 15
-12, 14
-13, 14
-10, 14
-12, 14
-13, 14
-12, 15
-12, 12
-13, 16
-13, 13
-12, 16
-14, 14
-12, 13
-10, 12
-12, 14
-11, 15
-11, 14
-12, 13
-12, 15
-11, 15
-11, 12
-13, 14
-13, 14
-13, 14
-11, 14
-11, 15
-11, 14
-12, 15
-12, 14
-12, 16
-13, 15
-12, 13
-11, 14
-13, 14
-13, 14
-13, 15
-12, 13
-11, 13
-11, 14
-12, 13
-12, 13
-12, 14
-12, 15
-12, 15
-11, 15
data
-12, 15
-23, 0
-4, 29
-13, 15
-11, 16
-12, 15
-12, 15
-12, 13
-11, 13
-12, 14
-18, 17
-8, 13
-12, 16
-12, 19
-11, 15
-14, 11
-10, 15
-9, 17
-15, 11
-14, 14
-11, 15
-12, 19
-12, 18
-8, 18
53, 65
-34, 47
12, 106
59, 213
33, 124
100, 60
60, 37
99, 101
97, 152
53, 201
85, 242
88, 289
85, 326
37, 387
-43, 289
-19, 299
-46, 302
-90, 325
-77, 289
-82, 319
-85, 160
41, 132
32, 95
-104, 56
-280, 24
-332, 56
-211, 12
-127, 80
-166, 101
-146, 47
-235, -30
-277, -59
-222, -98
-261, -92
-283, -114
-246, -140
-178, -196
-153, -168
-135, -240
-128, -280
-63, -349
-19, -447
-82, -398
-95, -391
-105, -383
-175, -411
-110, -411
-76, -366
-23, -302
231, -163
582, 74
214, -209
373, -226
261, -211
185, -223
158, -104
148, -51
204, -3
318, 61
275, 0
266, -137
188, -91
144, -24
366, 0
273, 141
173, 64
204, -51
248, -56
169, 25
163, 108
213, 242
171, 271
125, 304
222, 278
160, 227
92, 228
22, 275
-36, 338
-80, 385
-68, 362
-116, 338
-54, 293
-180, 227
-180, 238
-282, 194
-229, 146
-244, 39
-135, -36
-116, -61
-122, -54
-176, -28
-191, -8
-180, -53
-196, -74
-181, -108
-141, -116
-171, -128
-144, -70
-170, -36
-108, -60
-113, -32
-131, -33
-144, -9
-176, -4
-153, 24
-197, 49
-197, 66
-196, 40
-168, 69
-166, 50
-113, 10
0, -49
63, -56
132, -19
152, -50
64, -102
60, -71
58, -39
87, -9
102, -31
214, -89
168, -162
246, -135
214, -60
220, -32
204, 15
176, 18
204, -17
217, -48
223, -28
167, 58
216, 69
253, 59
263, 35
267, -10
252, -4
210, 33
146, 34
128, 93
51, 101
85, 114
15, 79
-2, 68
-42, 80
-93, 67
-118, 71
-163, 89
-212, 121
-210, 114
-272, 146
-239, 119
-232, 71
-223, 36
-240, 10
-253, -33
-275, -104
-70, 61
-193, -12
-104, -59
-61, -27
-102, -42
-91, -36
-76, -10
-17, 9
-13, 14
-9, -2
-21, 19
-11, 37
-11, 17
-10, 14
-11, 12
-12, 14
-13, 15
-13, 15
-13, 14
-12, 13
-13, 15
-13, 15
-13, 16
-12, 14
-12, 14
-13, 14
-14, 14
-14, 14
-12, 16
data
-12, 17
-5, 16
-12, 16
-7, 29
-16, 4
-12, 20
-12, 15
-12, 31
-19, 43
-24, 36
-20, 37
-10, 29
-1, -57
-11, 12
-13, 20
-9, 17
-11, 21
-11, 8
18, 17
96, 55
-58, -63
41, -46
-25, -4
-29, 20
-55, 56
-59, 62
-18, 18
-15, 17
-40, 46
-17, 18
-12, 14
-11, 14
-12, 15
-5, 8
-21, 27
-12, 18
-12, 16
-13, 16
-12, 16
-11, 16
-8, 19
15, 27
213, 59
12, 20
30, 99
25, 113
27, 168
20, 200
40, 248
16, 287
-10, 333
-3, 406
-29, 390
-62, 425
-121, 424
-101, 418
-163, 394
-108, 344
-162, 273
-178, 231
-185, 157
-185, 137
-231, 123
-189, 55
-293, 9
-263, -58
-274, -126
-235, -195
-223, -275
-133, -316
-123, -321
-99, -312
-61, -340
5, -385
-10, -373
-26, -530
56, -453
-46, -319
18, -307
246, -338
187, -356
109, -476
270, -498
159, -461
338, -384
340, -306
365, -296
342, -165
296, -29
249, 105
228, 153
262, 177
267, 200
234, 276
155, 318
163, 391
32, 417
-1, 360
-50, 354
-43, 379
-113, 368
-123, 351
-171, 293
-175, 276
-212, 220
-245, 169
-225, 135
-187, 118
-196, 152
-169, 151
-150, 73
-98, 17
-119, -47
-23, -94
-19, -125
6, -197
20, -237
92, -185
95, -225
30, -145
63, -105
62, -88
94, -101
104, -127
113, -83
96, -55
85, -21
59, 17
55, 31
10, 20
-9, 17
-11, 16
-11, 15
-10, 16
-13, 17
-12, 18
-12, 16
-11, 15
-12, 15
-12, 17
-11, 18
-11, 17
-11, 16
-11, 16
data
-7, 15
3, 10
-22, 21
-13, 11
-9, 18
-13, 15
-11, 12
-11, 15
-10, 14
-10, 12
-15, 14
-11, 17
-7, 18
-8, 9
-9, 12
-17, 15
1, 10
0, 3
-8, 20
-9, 16
-9, 14
0, 21
-10, 8
-13, 14
-14, 11
-12, 12
-24, 10
-18, 8
-11, 13
-12, 14
-11, 15
-12, 15
-11, 14
-10, 13
-10, 13
-10, 13
-12, 14
-10, 15
-10, 14
-11, 13
-11, 13
-10, 14
-12, 14
-11, 14
-11, 14
-12, 15
-11, 14
-12, 15
-11, 14
-10, 13
-10, 13
-11, 14
-11, 14
-11, 13
-11, 14
-11, 14
-12, 14
-12, 14
-13, 15
-11, 15
-12, 14
-10, 15
-10, 12
-11, 14
-11, 14
-12, 15
-11, 14
-11, 14
-11, 14
-11, 14
-11, 14
-11, 14
-11, 14
-11, 14
-11, 13
-10, 14
-11, 15
-11, 14
-11, 14
-12, 13
-12, 13
-10, 14
-11, 15
-12, 14
-12, 14
-11, 14
-12, 14
-11, 15
-11, 14
-11, 14
-12, 14
-11, 14
-11, 14
-11, 14
-11, 14
-10, 14
-11, 15
-10, 14
-10, 15
-10, 13
-10, 14
-11, 14
-10, 13
-10, 13
-11, 14
-10, 13
-11, 14
-11, 14
data
16, 9
5, 10
24, 2
15, 11
22, 2
15, 7
16, 8
18, 6
14, 6
15, 4
12, 7
22, 14
9, 0
14, 5
11, 6
24, 22
7, 3
14, 7
16, 8
17, 7
15, 8
13, 8
12, 8
16, 5
16, 6
16, 9
16, 6
15, 6
15, 7
13, 7
data
0, -12
-10, -8
5, -18
2, -17
1, -14
0, -12
1, -9
-1, -8
0, -10
-1, -12
-20, -17
19, -7
2, -12
1, -11
0, -11
0, -14
0, -13
2, -14
2, -16
4, -14
3, -17
3, -15
5, -13
data
2, -14
12, -13
-6, -9
0, -11
0, -14
0, -13
0, -14
1, -13
1, -14
-2, -15
1, -14
3, -9
5, -24
-1, -17
1, -14
2, -13
2, -14
0, -13
0, -12
3, -15
-3, -10
2, -15
-2, -11
-3, -10
0, -17
-8, -14
-8, -16
2, -15
-1, -10
-1, -12
-1, -10
2, -14
0, -14
0, -13
0, -13
-4, -10
1, -14
0, -13
0, -13
-1, -14
0, -13
-1, -16
0, -17
0, -15
0, -13
0, -14
1, -13
0, -13
0, -16
1, -15
-3, -14
0, -13
0, -12
0, -11
0, -14
-2, -14
-1, -16
-1, -12
0, -15
0, -14
0, -13
0, -14
0, -13
0, -15
0, -13
0, -14
0, -14
0, -14
0, -14
0, -14
0, -14
-1, -14
1, -14
-2, -14
0, -13
0, -13
0, -13
0, -13
0, -13
-1, -13
0, -13
1, -16
-2, -13
0, -14
0, -14
-1, -14
0, -13
-1, -13
0, -14
0, -13
0, -14
0, -14
0, -13
0, -14
0, -14
0, -14
-1, -15
0, -13
0, -14
0, -13
0, -14
0, -14
0, -13
-1, -13
0, -14
0, -13
0, -14
0, -15
0, -14
0, -13
0, -13
0, -14
1, -14
0, -14
0, -14
0, -14
0, -13
0, -15
0, -13
-1, -15
-1, -14
0, -14
0, -14
0, -13
1, -13
0, -14
0, -13
0, -14
0, -14
-1, -13
1, -14
0, -14
-1, -14
0, -14
0, -13
0, -13
0, -13
0, -13
0, -15
0, -14
0, -14
-1, -14
0, -14
0, -14
0, -13
0, -14
0, -14
0, -14
0, -13
0, -13
0, -13
0, -13
0, -14
0, -14
0, -13
0, -13
0, -13
0, -14
0, -14
0, -13
0, -13
0, -13
0, -13
0, -13
0, -12
0, -14
0, -13
0, -13
0, -13
0, -14
-1, -14
1, -14
0, -13
0, -13
0, -14
0, -14
0, -14
0, -14
0, -13
0, -13
0, -14
0, -12
0, -15
0, -13
0, -14
0, -14
0, -14
0, -13
0, -13
0, -14
0, -13
0, -12
1, -14
0, -14
0, -13
0, -13
0, -14
0, -14
0, -15
0, -14
0, -13
0, -13
0, -14
0, -13
0, -13
0, -14
0, -14
0, -13
-1, -13
0, -13
data
-16, 2
-11, 4
-21, 7
-21, 6
-19, 5
-19, 3
-14, 6
-27, 3
-7, 5
-19, 1
-9, -3
-17, 6
-14, 3
-22, 6
-18, 6
-20, 6
-20, 6
-19, 5
-18, 4
-19, 6
-19, 5
-19, 5
-18, 6
-18, 5
-17, 5
-18, 4
-18, 5
-17, 4
-17, 5
-18, 4
-19, 5
-18, 4
-18, 5
-18, 4
-18, 5
-17, 5
-19, 4
-19, 5
-18, 4
-18, 3
-19, 5
-19, 4
-18, 5
-18, 5
-19, 4
-18, 5
-19, 4
-19, 4
-16, 5
-17, 5
-18, 4
-18, 6
-18, 4
-18, 5
-18, 5
-18, 4
-17, 4
-18, 3
-19, 5
-18, 5
-19, 5
-18, 5
-19, 5
-18, 4
-17, 4
-17, 5
-18, 4
-17, 4
-19, 5
-17, 5
-18, 5
-18, 4
-16, 4
-18, 4
-18, 5
-19, 5
-17, 6
-18, 6
-18, 5
-17, 5
-18, 4
-18, 4
-18, 4
-19, 6
-18, 5
-18, 4
-17, 5
-18, 4
-17, 3
-18, 4
-19, 5
-18, 4
-18, 5
-17, 5
-17, 4
-16, 5
data
-7, 17
-11, 14
-13, 14
-11, 15
-10, 14
-10, 13
-11, 14
-10, 15
-10, 16
-12, 16
-11, 15
-10, 15
-7, 14
-12, 14
-8, 33
-10, -1
-14, 11
-11, 16
-9, 18
-12, 16
-10, 15
-8, 12
-9, 12
8, 15
-8, 14
-3, 12
214, -107
133, -36
104, -12
203, -35
260, -26
284, 59
218, 152
223, 205
120, 248
78, 277
35, 322
-23, 407
-53, 497
-82, 566
-142, 599
-251, 705
-222, 662
-248, 559
-216, 496
-225, 442
-251, 339
-306, 245
-308, 166
-343, 37
-308, -92
-228, -279
-161, -359
-142, -336
-97, -396
-97, -425
-88, -500
-86, -561
-13, -630
-50, -652
22, -632
39, -630
91, -675
125, -680
161, -606
170, -585
273, -595
305, -529
317, -523
377, -386
432, -292
445, -248
470, -120
465, -94
482, -72
475, 1
442, 74
403, 166
352, 258
286, 320
273, 273
237, 255
182, 262
180, 331
109, 470
26, 546
-27, 634
-65, 724
-129, 775
-92, 725
-127, 694
-164, 639
-283, 543
-258, 536
-299, 435
-289, 335
-252, 261
-261, 181
-194, 156
-208, 128
-198, 110
-217, 74
-196, 88
-135, -34
-43, -71
-50, -110
5, -132
4, -99
-22, -41
-35, -64
-47, -131
-79, -205
-73, -255
-61, -333
10, -403
46, -416
58, -403
67, -348
41, -301
9, -236
42, -233
-35, -167
-9, -150
13, -86
33, -71
65, -50
37, -54
14, -53
-3, -25
6, -52
1, -47
5, -59
7, -51
47, 29
47, -17
31, -25
21, -48
25, -38
23, -21
45, -15
37, 27
43, 71
50, 108
32, 129
19, 150
18, 139
4, 174
7, 138
22, 99
-4, 87
-3, 70
-10, 85
-62, 101
-28, 79
-50, 36
-40, 26
-50, 3
-27, -4
-53, 1
-56, -3
-55, 35
-58, 32
-50, 22
-17, -22
6, -65
8, -48
4, -33
-9, 7
-10, 11
-10, 13
-11, 14
-9, 11
-12, 15
-11, 15
-11, 13
-10, 12
-12, 12
-10, 13
-10, 13
-11, 14
-9, 11
-11, 14
-10, 15
-11, 14
-11, 13
-28, -4
-2, 26
-11, 9
data
-15, 21
-4, 5
-11, 16
-10, 12
-8, 10
-8, 13
-9, 14
-12, 14
-11, 13
-10, 13
-13, 12
-6, 15
-6, 13
-10, 21
-58, 36
-190, 194
-151, 265
-86, 206
-195, 182
-204, 202
-128, 103
-154, 14
-174, -56
-125, -95
-143, -191
-137, -223
-114, -302
-119, -384
-112, -442
-79, -429
-57, -442
8, -413
-15, -445
51, -387
62, -335
108, -343
76, -263
77, -230
63, -189
77, -159
75, -119
57, -79
70, -94
76, -84
86, -65
84, -24
100, -26
130, -13
112, 13
107, 26
116, 76
138, 77
169, -4
204, -23
220, 20
210, 116
230, 166
241, 228
248, 222
233, 199
243, 222
263, 258
247, 281
235, 293
247, 355
281, 439
184, 476
134, 493
138, 495
93, 542
18, 591
-25, 623
-51, 644
-40, 633
-48, 614
-73, 583
-141, 554
-220, 449
-261, 343
-280, 279
-320, 191
-278, 120
-329, 46
-270, -21
-305, -148
-302, -189
-275, -314
-276, -421
-180, -536
-127, -519
-110, -538
-100, -536
-101, -520
-42, -563
-67, -585
-47, -574
-18, -503
-38, -444
34, -372
36, -347
77, -373
86, -384
96, -342
112, -280
133, -264
129, -239
152, -183
196, -124
190, -101
183, -104
210, -77
208, -57
194, -9
209, 48
188, 94
214, 138
188, 81
185, 117
160, 143
171, 128
122, 159
137, 177
127, 216
78, 227
107, 251
89, 240
74, 260
51, 251
26, 238
-5, 261
1, 275
-3, 218
-15, 232
-26, 240
-60, 246
-71, 219
-62, 187
-76, 137
-19, 110
-52, 104
-73, 101
13, 76
-29, 32
-13, -9
2, 5
-14, 11
8, 27
-23, 51
36, 58
41, 36
15, -6
60, -31
-3, -46
9, -9
1, 15
-67, 20
-72, 39
-83, 13
-63, -4
-97, 8
-144, 37
-102, 40
-126, 58
-83, 40
-91, 46
-98, 15
-89, -24
-104, -50
-117, -12
-100, -9
-21, -3
-11, 13
-11, 13
-9, 15
-11, 13
-9, 14
-8, 13
-9, 10
-12, 15
-11, 13
-10, 13
-10, 14
data
-10, 13
-26, 20
-11, 15
-11, 16
-10, 15
-11, 14
-11, 14
-11, 14
-10, 13
-15, 11
-7, 17
-6, 13
-13, 20
0, 10
0, 24
36, 27
222, 83
126, 109
201, 142
230, 115
233, 137
183, 152
82, 164
44, 184
13, 190
21, 164
-11, 233
-18, 302
-33, 363
-64, 392
-66, 446
-94, 428
-143, 434
-169, 434
-239, 407
-224, 343
-273, 293
-273, 192
-278, 74
-299, 27
-332, -36
-325, -89
-300, -115
-163, -253
-116, -308
-118, -420
-67, -432
-52, -490
9, -510
65, -542
111, -492
101, -462
136, -437
133, -422
140, -396
156, -388
217, -398
224, -420
264, -401
271, -383
321, -315
339, -245
293, -216
244, -131
225, -154
192, -105
148, -58
162, 13
131, 88
145, 136
191, 192
197, 271
164, 254
114, 202
74, 238
25, 308
-17, 396
-25, 464
-71, 470
-32, 463
-38, 478
-39, 456
-64, 432
-66, 390
-134, 347
-116, 340
-174, 323
-171, 283
-156, 204
-137, 192
-171, 212
-182, 187
-147, 135
-152, 88
-200, 34
-167, -21
-211, -25
-194, -34
-180, -38
-190, -72
-116, -84
-115, -83
-73, -139
-36, -192
-47, -205
-20, -224
-34, -222
-20, -188
5, -188
42, -155
78, -185
111, -213
108, -180
105, -168
82, -118
70, -82
55, -83
90, -63
72, -49
92, -22
43, -15
83, 21
28, 40
33, 46
47, 67
37, 73
14, 63
4, 50
-12, 15
-13, 13
-12, 11
-12, 11
-13, 12
-12, 14
-11, 15
15, 9
-25, 34
10, 37
1, 14
-38, 8
-11, 32
-35, 11
-27, 26
-12, -6
-11, 23
-9, 3
-6, 11
-10, 10
-11, 13
-13, 13
-8, 10
-2, 23
-13, 7
-9, 14
-23, 2
-16, 10
-12, 13
-12, 14
-11, 15
-5, 16
6, 32
-31, 0
12, 33
-24, 1
-9, 16
-15, 8
8, 28
-32, -2
3, 29
-27, 0
0, 21
-14, 8
-5, 23
-2, 20
3, 34
-19, 7
-27, -2
-30, -5
0, 18
-21, 3
3, 24
3, 16
4, 10
-9, 20
-12, 40
-1, 23
-5, 10
-18, -3
-4, 4
0, 11
-22, 14
-5, 20
-16, 16
2, 25
2, 26
-42, 10
10, 25
-11, 9
-23, 2
-26, 2
-10, 24
-24, 3
-28, -1
-22, 3
-21, 4
-1, 25
-15, 10
-3, 16
2, 21
-9, 9
-16, 10
1, 25
-38, 0
-4, 26
-28, 0
-14, 7
-17, 5
-11, 13
-10, 15
-10, 15
-9, 15
-11, 14
-14, 13
-11, 13
-10, 14
-10, 15
-10, 15
-8, 18
-12, 10
-11, 13
-10, 13
-10, 13
-10, 12
data
-12, 14
-26, 20
-11, 9
-10, 12
-13, 11
-11, 10
-12, 12
-13, 14
-11, 16
-10, 15
-12, 16
-17, 14
-2, 13
-11, 9
-12, 14
-9, 13
-12, 15
-13, 15
-12, 14
-13, 14
-14, 13
-12, 15
-12, 15
-12, 13
-11, 14
-10, 13
-12, 14
-11, 15
-11, 14
-11, 14
-11, 14
-11, 14
-10, 15
-12, 14
-11, 14
-12, 13
-11, 13
-12, 14
-11, 15
-12, 14
-12, 15
-12, 14
-10, 14
-13, 14
-10, 14
-14, 14
-11, 15
-11, 14
-14, 13
-11, 15
-11, 15
-11, 15
-12, 13
-11, 14
-10, 15
-11, 16
-11, 13
-11, 13
-10, 12
-35, 15
20, 7
-14, 12
-10, 13
-13, 15
-5, 13
-17, 29
-8, 11
-10, 13
-10, 12
-10, 13
-10, 15
-11, 16
-10, 14
-10, 13
-9, 14
-10, 14
-11, 14
-11, 13
-10, 12
-10, 14
-11, 14
-12, 15
-13, 15
-17, 16
-87, -26
-93, -10
-86, -80
-136, -93
-124, -173
-107, -287
-78, -312
-50, -298
14, -309
32, -317
69, -320
91, -294
86, -237
96, -211
94, -137
68, -100
77, -88
81, -56
148, -53
119, -53
148, -28
164, 43
137, 107
168, 124
129, 175
161, 273
131, 307
155, 325
144, 392
92, 438
49, 486
32, 511
33, 486
-14, 465
-31, 470
-46, 466
-53, 444
-98, 438
-135, 411
-182, 396
-222, 348
-241, 285
-275, 150
-280, 119
-294, 72
-290, -19
-292, -81
-290, -146
-247, -211
-202, -228
-186, -281
-199, -291
-113, -243
-155, -198
-128, -215
-161, -227
-124, -260
-128, -327
-76, -363
-71, -329
-20, -256
10, -226
40, -193
55, -199
67, -204
107, -147
2, -230
66, -335
29, -242
61, -161
93, -111
99, -100
109, -114
123, -57
161, 24
125, -18
157, -48
137, -30
145, 15
108, 35
121, 64
75, 57
95, 45
73, 35
65, 43
86, 76
90, 106
107, 126
135, 79
102, 19
156, 41
148, 93
169, 106
136, 160
151, 156
202, 157
178, 106
205, 145
194, 174
212, 169
190, 113
184, 131
143, 116
58, 175
-5, 191
3, 205
-32, 229
-68, 267
-32, 305
-136, 364
-153, 389
-172, 388
-219, 350
-214, 282
-255, 108
-277, 80
-293, 53
-315, -10
-359, -45
-354, -83
-335, -182
-277, -244
-265, -295
-218, -275
-135, -212
-93, -201
-58, -221
-21, -199
1, -184
12, -186
14, -168
-18, -178
40, -162
16, -220
108, -141
100, -77
120, -22
121, 18
142, 19
153, -13
135, -72
154, -74
147, -64
117, 5
59, 107
113, 89
37, 102
83, 79
74, 92
58, 144
60, 205
22, 232
-9, 235
-10, 205
-9, 153
-22, 144
4, 156
6, 51
-12, 13
9, 28
-5, 15
-9, 13
-10, 15
-9, 15
-9, 14
-10, 13
-9, 13
-8, 16
-10, 13
-9, 15
-9, 14
-9, 14
-9, 13
-10, 12
-10, 14
-10, 13
-7, 12
-10, 16
-17, 10
0, 18
-6, 14
-7, 14
-10, 13
-11, 11
-10, 12
-17, 11
-6, 18
-8, 15
-8, 13
-8, 12
-39, 21
7, -17
-27, 8
-22, 0
-10, 21
9, 32
21, 39
-7, 15
-8, 14
-9, 12
-8, 11
-9, 12
-8, 14
-8, 16
-8, 16
-8, 15
-9, 13
-9, 13
-10, 14
-10, 15
-9, 15
-9, 14
-9, 13
data
-10, 14
4, 15
-22, 13
-10, 15
-10, 14
-12, 15
-16, 9
-4, 20
-86, 4
32, 13
32, 24
-1, 14
-3, 12
-7, 13
-10, 26
13, 58
88, 90
294, 25
-142, -5
193, 56
245, 4
178, -21
287, -59
237, -109
221, -128
176, -101
118, 18
62, 53
105, 54
91, 38
114, 13
101, 8
104, 53
68, 61
61, 82
11, 76
23, 80
6, 53
-6, 0
-2, -44
-12, -2
-14, 30
-53, 25
-74, -10
-75, -12
-77, -2
-88, -53
-102, -52
-140, 3
-140, 38
-156, 42
-185, 10
-187, -5
-219, 14
-226, 24
-269, 36
-183, 26
-208, 43
-176, 46
-195, 52
-145, 55
-136, 47
-39, 21
-12, 15
-11, 13
-11, 14
-12, 15
-8, 20
-14, 8
-11, 14
-11, 13
-10, 14
-6, 15
-7, 14
-9, 14
-12, 14
data
-9, 11
-19, 11
-1, 17
-9, 16
-10, 16
-6, 15
-12, 11
-12, 10
-12, 13
-12, 16
-13, 18
-8, 16
-8, 14
-7, 15
-4, 19
56, 85
16, 62
6, 161
40, 239
-10, 340
-22, 406
16, 432
-36, 456
-11, 504
-51, 577
-103, 639
-86, 641
-87, 617
-94, 605
-90, 500
-45, 416
16, 298
25, 228
39, 110
53, 15
71, -102
58, -182
67, -254
89, -412
121, -614
102, -614
81, -603
23, -570
-19, -431
-69, -374
-24, -354
-29, -339
46, -404
52, -395
66, -321
52, -284
25, -186
-5, -71
-17, -1
-35, -28
0, 7
24, 1
1, 25
-6, 2
-13, 12
-11, 10
-12, 15
-11, 14
-11, 14
data
-10, 16
-8, 14
-10, 17
-9, 18
-7, 17
-10, 16
-10, 15
-11, 15
-11, 14
-10, 15
-11, 15
-8, 15
-9, 16
-10, 15
-10, 15
-9, 16
-10, 16
-12, 16
-4, 12
-12, 19
-8, 14
-11, 15
-11, 14
-10, 16
-11, 12
-11, 16
-11, 16
-9, 17
-11, 14
-10, 15
-10, 14
-10, 14
17, 9
-36, 24
-13, 17
-11, 16
-12, 16
-12, 14
-11, 15
-10, 14
-10, 14
-10, 16
-10, 15
-9, 15
-10, 15
-10, 15
-11, 15
-11, 16
-12, 15
-10, 16
-9, 15
-9, 16
-10, 15
-11, 14
-13, 13
-10, 15
-8, 16
-8, 17
-7, 21
21, -105
-39, 114
-2, 8
-20, 7
-35, 24
-7, 13
-7, 11
-12, 31
-1, 6
11, -14
0, 13
2, 0
-3, -1
4, -4
-12, 36
-20, 40
-39, 49
-63, 48
-31, 24
-23, 15
-15, 13
-14, 16
-14, 22
-14, 22
-13, 12
-13, 10
-12, 14
-14, 18
-14, 23
-13, 21
-13, 17
-11, 14
-11, 13
-12, 16
-14, 18
-14, 18
-14, 14
-14, 15
-14, 14
-14, 17
-14, 18
-14, 18
-12, 17
-11, 15
-12, 16
-13, 16
-13, 17
-15, 17
-15, 16
-12, 16
-13, 18
-10, 18
-12, 17
-12, 18
-10, 19
25, 124
-2, 35
23, 71
17, 271
-12, 291
31, 161
68, 45
108, 113
150, 185
131, 116
21, 268
-24, 398
-80, 509
-120, 571
-138, 536
-88, 482
-157, 425
-129, 373
-145, 309
-187, 211
-209, 131
-270, 111
-205, 11
-199, -40
-180, -247
-242, -388
-132, -579
-163, -508
-62, -618
-14, -616
21, -511
18, -477
15, -369
-8, -337
-22, -347
-14, -332
-45, -322
47, -256
131, -251
220, -230
238, -219
210, -156
146, -92
118, -118
94, -176
161, -160
161, -193
197, -210
263, -185
300, -192
353, -79
345, -43
306, -96
302, -140
277, -169
269, -170
293, -150
273, -78
230, 56
178, 222
94, 331
78, 446
142, 493
111, 497
111, 486
9, 518
-15, 567
-131, 631
-137, 670
-198, 655
-211, 662
-260, 632
-259, 596
-250, 535
-230, 457
-195, 349
-195, 253
-189, 231
-217, 203
-207, 142
-191, 79
-175, -12
-136, -155
-147, -170
-114, -211
-103, -258
-42, -309
-53, -294
-86, -316
-81, -344
-50, -345
-62, -347
-12, -289
-14, -237
3, -252
-31, -236
0, -228
-41, -246
-66, -238
-12, -213
-40, -212
-21, -187
36, -187
33, -204
93, -174
-12, -169
73, -159
43, -189
42, -191
65, -151
64, -95
88, -46
140, -95
206, -67
175, -49
239, -3
169, -44
179, -33
186, -29
151, 0
174, 64
190, 70
211, 83
188, 106
85, 169
4, 228
-68, 324
-151, 404
-179, 441
-146, 385
-96, 279
-61, 186
-95, 110
-130, 68
-137, 55
-137, 27
-117, 12
-103, -61
-96, -58
-80, -44
-66, -10
-2, -16
3, -54
0, -74
29, -86
-2, -49
-64, 0
-33, 13
-38, 21
-30, 33
15, 34
-38, 28
-26, 25
3, -10
16, -18
25, -26
28, -24
31, -28
90, -7
23, 1
64, 33
-8, 15
-11, 13
-12, 13
-10, 13
-10, 11
-11, 12
-10, 9
-11, 17
-12, 15
-12, 17
-7, 15
6, 32
-2, 19
20, 35
-25, 4
-22, 1
-36, -9
-27, 0
-18, 7
-13, 12
-11, 16
-8, 18
26, 35
-6, 19
-5, 18
-27, -4
-12, 14
-27, 0
-10, 12
-11, 12
-10, 15
-9, 14
-13, 16
-12, 10
-9, 11
-11, 13
-10, 14
-11, 16
-11, 16
-12, 14
-13, 12
-10, 10
-10, 12
-10, 17
-10, 18
-12, 16
data
-3, 14
-15, 19
0, 12
-13, 17
-13, 15
-12, 15
-12, 15
-11, 15
-11, 15
-10, 14
-13, 15
-10, 14
-7, 13
-7, 14
-9, 15
-8, 16
-9, 16
-22, 16
323, 21
13, 83
-114, -20
97, -60
32, -34
53, -41
60, -35
133, -47
165, -90
144, -98
156, -76
172, -48
156, -20
137, 56
124, 169
44, 301
14, 476
-39, 530
-75, 576
-137, 637
-153, 641
-191, 642
-244, 598
-267, 557
-287, 478
-320, 408
-306, 222
-305, 153
-302, 65
-259, -38
-225, -109
-228, -182
-177, -256
-174, -281
-169, -390
-148, -505
-82, -593
-33, -575
18, -513
-7, -459
59, -464
21, -491
76, -496
59, -469
68, -417
66, -368
164, -372
216, -319
254, -289
279, -268
303, -223
312, -202
347, -128
319, -108
334, -99
304, -96
344, 42
361, 83
357, 100
333, 95
303, 126
294, 177
276, 270
228, 325
196, 335
175, 296
136, 286
84, 318
3, 435
-13, 534
-71, 593
-75, 588
-121, 536
-121, 510
-178, 519
-248, 549
-267, 543
-321, 368
-322, 247
-334, 165
-341, 128
-327, 67
-335, 20
-332, 34
-286, 6
-256, -23
-225, -79
-196, -208
-132, -245
-113, -263
-37, -251
-41, -234
-18, -158
-46, -105
-42, -116
-25, -162
17, -150
42, -165
91, -163
63, -143
101, -140
89, -114
101, -133
116, -96
128, -102
138, -87
143, -42
140, -48
97, -50
75, -28
113, -22
63, -5
77, 7
97, 23
76, 4
39, 12
24, 6
-7, 12
-10, 13
-7, 15
27, 34
-38, -1
-11, 16
-24, 2
-14, 7
-12, 11
-10, 14
-11, 17
-13, 20
-6, 10
-9, 19
-7, 1
-8, 12
-11, 13
-10, 18
-4, 14
-1, 14
-5, 13
-5, 16
-20, 10
-30, -3
-19, 4
-15, 4
-13, 14
-9, 13
-7, 13
-7, 11
-8, 12
-8, 13
-10, 14
-10, 13
-11, 15
-9, 11
data
-14, 3
-12, 29
23, 18
-11, 14
-10, 10
-10, 12
-11, 11
-16, 6
-88, -50
-17, 10
-21, -4
-52, -6
-63, -31
-127, -16
-133, -87
-92, -176
-68, -374
-13, -523
-99, -580
-64, -852
28, -1096
59, -1100
48, -1083
48, -960
5, -524
17, -399
47, -270
51, -157
96, 67
104, 295
93, 416
63, 580
26, 679
40, 550
7, 436
30, 474
18, 541
61, 574
-17, 684
74, 549
-17, 516
39, 443
51, 380
55, 386
69, 298
64, 169
55, 148
30, 153
22, 230
22, 170
11, 37
10, 25
-2, 18
-7, 15
-9, 16
-9, 17
-9, 16
-9, 14
-10, 11
-8, 12
-10, 12
-12, 5
-9, 16
-9, 20
-10, 16
data
-10, 15
-10, 15
-2, 12
-15, 17
-13, 15
-10, 17
-7, 16
-8, 17
-4, 14
0, 19
9, 29
343, 270
326, 496
259, 547
189, 232
376, 401
342, 542
299, 551
241, 647
261, 554
246, 481
238, 409
231, 383
174, 370
147, 345
62, 239
76, 208
-23, 34
-43, -96
-81, -178
-75, -199
-118, -286
-155, -381
-138, -409
-200, -416
-226, -373
-233, -412
-227, -481
-273, -583
-290, -308
-245, -244
-208, -270
-196, -266
-203, -221
-164, -251
-161, -290
-152, -266
-158, -251
-119, -139
-34, 0
-18, 7
-10, 13
-10, 13
-10, 13
-10, 12
-9, 15
-9, 16
-9, 17
-9, 16
-10, 14
-10, 14
-11, 14
-10, 14
-11, 14
-10, 15
-10, 15
-12, 15
-10, 14
-10, 14
-10, 13
-10, 15
-9, 14
-9, 14
-8, 13
-10, 12
-10, 13
-11, 13
-10, 14
-10, 16
-11, 16
-10, 13
-10, 14
-11, 13
-11, 13
-11, 14
-9, 14
-10, 14
-9, 14
-10, 15
-10, 16
-10, 15
-11, 15
-11, 14
-10, 14
-11, 15
-9, 14
-9, 13
-9, 16
-10, 14
-11, 14
-11, 13
-11, 13
-10, 14
-10, 14
-10, 15
-10, 13
data
-10, 14
-7, 16
-14, 9
-9, 12
-10, 12
-10, 14
-9, 14
-9, 13
-12, 14
-11, 14
-7, 13
-12, 11
-28, 18
6, 12
-10, 11
-10, 13
-5, 5
-16, 21
-12, 17
-11, 15
-12, 14
-12, 12
-10, 11
-10, 10
-179, -173
-86, -177
-49, -211
-92, -221
-88, -292
-119, -338
-101, -386
-82, -464
-17, -527
4, -640
68, -700
97, -697
68, -648
78, -618
76, -592
91, -510
129, -331
122, -234
140, -86
45, 76
102, 298
-19, 453
6, 508
-15, 582
7, 637
4, 660
16, 616
12, 495
7, 418
-27, 390
-34, 536
-25, 547
23, 580
22, 420
16, 358
37, 254
10, 144
-2, 83
-21, 109
-18, 89
-10, 19
-10, 16
-11, 12
-9, 11
-10, 11
-9, 13
-10, 15
-10, 16
-11, 16
-12, 16
-12, 14
-11, 13
-9, 13
-10, 14
-9, 15
-9, 14
data
-11, 14
-34, 21
12, 5
-10, 14
-9, 13
-9, 13
-11, 13
-11, 14
-12, 13
-11, 14
-12, 13
-11, 14
-11, 13
-8, 15
-12, 16
-12, 15
-8, 13
-11, 10
-13, 12
-16, 10
-8, 19
-12, 18
-7, 25
-7, 18
-13, 3
-12, 11
-12, 13
-12, 13
-11, 14
-13, 13
-12, 15
-25, 13
-18, 9
-134, -9
-137, 0
-114, 4
-190, -2
-181, 0
-213, -21
-206, -46
-243, -36
-228, 0
-261, 56
-367, 54
-357, 81
-341, 81
-324, 51
-263, 56
-191, 92
-69, 53
-28, -18
55, -41
69, -70
108, -47
55, -26
45, 38
61, 45
173, 64
256, -9
288, -19
358, 27
286, 21
250, 31
226, 19
156, -24
159, 0
161, 1
165, -2
124, 16
138, 12
104, 6
126, 36
65, 56
35, 43
0, 20
-9, 14
-9, 13
-11, 12
-11, 13
-10, 12
-10, 13
-11, 13
-11, 13
-11, 14
-12, 13
-10, 14
-11, 14
-10, 12
-8, 12
-9, 13
-9, 13
-9, 14
-10, 16
-11, 15
data
-10, 13
-9, 10
-12, 16
-11, 15
-9, 14
-10, 14
-9, 13
-10, 13
-8, 12
-3, 13
-11, 17
-5, 14
-6, 17
15, 33
71, 109
143, 78
71, 62
-26, 165
159, 368
61, 384
48, 374
50, 382
40, 402
3, 459
-7, 471
14, 513
-19, 525
-18, 532
-37, 481
-19, 415
-38, 366
18, 363
-19, 323
-39, 206
-27, 130
-26, 95
-13, 99
21, 136
15, 54
7, -104
21, -152
7, -195
25, -232
0, -255
0, -252
-13, -346
19, -467
-1, -624
25, -744
25, -791
53, -831
55, -786
110, -727
148, -479
-116, -303
25, -673
100, -766
96, -701
66, -551
60, -382
46, -265
48, -291
43, -303
26, -248
27, -232
42, -184
25, -153
107, -181
80, -167
109, -141
89, -117
96, -53
93, 6
99, 55
58, 175
14, 172
20, 135
40, 110
25, 146
45, 186
2, 327
-2, 352
-30, 406
-22, 413
-26, 461
-58, 534
-58, 589
-53, 588
-58, 575
-45, 566
-76, 542
32, 358
-48, 507
-88, 604
-100, 641
-43, 574
-38, 457
-9, 389
-15, 349
-31, 366
-31, 343
-37, 385
-44, 310
-13, 225
-25, 144
6, 107
-9, 135
-44, 149
-14, 119
-32, 57
-19, 2
7, -132
13, -192
37, -249
66, -277
94, -277
79, -315
55, -346
41, -378
60, -391
33, -433
50, -412
47, -380
55, -353
67, -337
66, -323
61, -342
71, -317
-7, -182
-7, -232
44, -357
98, -393
77, -335
50, -268
47, -252
76, -272
57, -271
50, -254
75, -243
44, -204
28, -129
56, -79
26, -108
45, -108
33, -92
32, -40
33, 30
21, 90
-7, 121
-3, 153
-32, 180
-47, 208
-39, 265
-34, 273
-35, 266
-17, 276
-10, 265
-45, 229
-10, 166
-19, 147
-46, 159
-58, 231
-34, 205
-27, 159
-14, 163
-16, 186
-17, 161
-32, 134
-25, 148
-40, 143
-31, 81
-12, 15
-11, 15
-10, 14
-10, 14
-12, 14
-11, 14
-10, 15
-15, 12
-15, 14
-12, 13
-10, 14
-11, 14
-11, 15
-11, 15
-11, 15
-11, 16
-11, 13