data
-13, 17
-19, 18
-5, 15
-17, 20
-12, 14
-12, 10
-13, 13
-11, 15
-12, 16
-12, 22
-8, 24
62, 80
111, 148
-46, 441
-161, 729
-56, 304
66, 250
-141, 789
-114, 497
98, 59
35, 29
20, 260
-296, 669
-74, 723
-68, 346
-72, 90
-13, 41
117, -128
159, -385
116, -465
80, -651
51, -616
33, -555
27, -335
-35, -124
-56, -125
21, -147
-6, -162
-18, -207
-5, -190
-48, -89
-22, -101
data
-13, 17
-16, 0
-5, 29
-12, 13
-13, 13
-12, 14
-12, 15
-12, 16
-12, 13
-13, 15
-10, 13
-14, 19
-13, 13
-11, 12
-14, 24
-8, 8
-13, 11
-16, 16
-12, 15
-13, 13
-14, 14
-14, 13
-11, 14
-12, 15
-13, 16
-12, 15
-13, 14
-12, 12
-14, 14
-13, 14
-13, 15
-13, 15
-12, 16
-12, 15
-1, 8
27, 38
-30, 0
-38, -5
-25, 9
-22, 27
-40, 36
-143, 14
-135, 20
-214, 49
-387, 27
-419, -111
-458, -126
-373, -91
-248, -164
-338, -63
-251, 13
-178, 14
-183, 77
-92, 99
26, 122
199, 105
117, 9
427, -100
238, 102
345, 24
215, 31
290, 22
246, 13
242, -13
228, -20
194, -3
168, 35
73, 42
-7, 17
-11, 17
-13, 18
-13, 15
-14, 15
-14, 15
-13, 14
-10, 16
-106, -16
66, 42
-79, -5
data
-10, 14
-11, 12
-9, 18
-12, 15
-11, 14
-11, 13
-13, 12
-12, 12
-11, 15
-8, 16
-13, 16
-6, 16
-5, 14
-17, 16
-6, 14
-31, 29
0, 4
-8, 11
-11, -1
-162, -174
-21, -258
-88, -530
-11, -820
-60, -958
-139, -884
-119, -674
-154, -478
-83, -379
34, -134
-108, 132
5, 295
89, 164
113, 90
90, 33
138, 90
10, 423
30, 597
-12, 555
112, 569
40, 349
43, 407
-14, 422
-4, 353
19, 336
2, 284
27, 236
34, 257
-7, 37
-11, 16
-10, 15
-12, 16
-12, 17
-11, 17
-11, 15
-11, 16
-11, 15
-10, 16
-11, 17
-11, 18
-10, 16
-10, 16
-9, 16
-10, 16
-10, 18
-11, 17
-12, 16
-11, 15
-12, 14
-10, 16
data
-8, 15
-13, 12
-9, 18
-9, 18
-11, 16
-12, 17
-11, 16
-12, 17
-10, 15
-10, 13
-12, 12
-5, 15
-11, 13
-11, 23
-9, 14
-9, 19
-10, 16
12, 3
-8, 20
-12, 17
-10, 16
-11, 13
-12, 14
-13, 15
-11, 16
-11, 18
-10, 19
-10, 17
-9, 15
-8, 16
-7, 16
-7, 16
-7, 17
152, -14
585, -52
287, -55
332, -108
462, -163
376, -75
394, -131
349, -133
358, -107
270, 32
216, 139
197, 130
68, 117
37, 117
-117, 85
-72, 25
-164, -126
-109, -124
-216, -46
-291, 107
-368, 183
-369, 164
-349, 85
-358, 43
-387, 96
-271, 6
-352, 62
-318, 115
-298, 115
-325, 139
-108, 53
-17, 18
-11, 17
-10, 15
-10, 13
-10, 12
-10, 13
-13, 17
-12, 20
-14, 23
data
-12, 15
-14, 12
-9, 21
-13, 16
-13, 18
-15, 17
-16, 19
-10, 15
-13, 15
-10, 16
-9, 17
-14, 18
-3, 15
-13, 15
-12, 14
-16, 19
-13, 21
-13, 19
-11, 18
-12, 16
-12, 16
-8, 19
90, 107
37, 87
-33, 161
-5, 278
-53, 449
-36, 605
-77, 759
-30, 836
24, 879
-1, 790
55, 758
53, 741
123, 648
79, 545
4, 439
29, 345
6, 134
8, -206
115, -269
101, -343
81, -480
13, -481
0, -534
-95, -567
-48, -630
-83, -609
19, -632
39, -553
72, -530
67, -522
48, -528
9, -501
-21, -356
-48, -234
-26, -138
-13, -33
-13, 9
-12, 17
-12, 16
-12, 14
-13, 16
-12, 16
-11, 16
-10, 17
-13, 16
-12, 15
-13, 15
-12, 13
-12, 15
-13, 17
-11, 18
-12, 18
-12, 16
-11, 17
data
-13, 15
-22, 24
-3, 5
-13, 15
-13, 16
-12, 15
-11, 14
-12, 14
-13, 14
-10, 15
-11, 15
-11, 15
-9, 15
-13, 15
-8, 17
-17, 15
-18, 23
-10, 6
-13, 8
-18, 13
-15, 15
-61, -17
-332, -83
-236, -76
-396, 54
-502, 47
-518, 75
-409, 44
-345, -58
-338, -91
-302, -42
-366, -45
-266, 55
-309, 225
-270, 275
25, 135
302, 14
256, 14
322, 59
271, 65
247, -58
334, -141
287, -131
317, -9
370, -48
394, 57
464, -59
333, -59
211, -17
102, -4
63, 7
30, 30
-20, 44
-63, 129
-58, 130
-11, 17
-12, 15
-12, 15
-13, 14
-12, 15
-13, 16
-13, 16
-12, 17
-12, 16
-11, 14
-12, 15
-10, 15
-10, 15
-11, 16
-11, 16
-11, 16
-11, 15
-11, 15
-12, 15
-12, 14
-13, 15
-13, 15
-11, 15
-12, 16
-11, 17
-11, 16
-10, 17
-11, 15
-10, 15
-10, 15
-10, 16
-11, 17
-11, 16
data
-7, 15
3, 10
-22, 21
-13, 11
-9, 18
-13, 15
-11, 12
-11, 15
-10, 14
-10, 12
-15, 14
-11, 17
-7, 18
-8, 9
-9, 12
-17, 15
1, 10
0, 3
-8, 20
-9, 16
-9, 14
0, 21
-10, 8
-13, 14
-14, 11
-12, 12
-24, 10
-18, 8
-11, 13
-12, 14
-11, 15
-12, 15
-11, 14
-10, 13
-10, 13
-10, 13
-12, 14
-10, 15
-10, 14
-11, 13
-11, 13
-10, 14
-12, 14
-11, 14
-11, 14
-12, 15
-11, 14
-12, 15
-11, 14
-10, 13
-10, 13
-11, 14
-11, 14
-11, 13
-11, 14
-11, 14
-12, 14
-12, 14
-13, 15
-11, 15
-12, 14
-10, 15
-10, 12
-11, 14
-11, 14
-12, 15
-11, 14
-11, 14
-11, 14
-11, 14
-11, 14
-11, 14
-11, 14
-11, 14
-11, 13
-10, 14
-11, 15
-11, 14
-11, 14
-12, 13
-12, 13
-10, 14
-11, 15
-12, 14
-12, 14
-11, 14
-12, 14
-11, 15
-11, 14
-11, 14
-12, 14
-11, 14
-11, 14
-11, 14
-11, 14
-10, 14
-11, 15
-10, 14
-10, 15
-10, 13
-10, 14
-11, 14
-10, 13
-10, 13
-11, 14
-10, 13
-11, 14
-11, 14
data
16, 9
5, 10
24, 2
15, 11
22, 2
15, 7
16, 8
18, 6
14, 6
15, 4
12, 7
22, 14
9, 0
14, 5
11, 6
24, 22
7, 3
14, 7
16, 8
17, 7
15, 8
13, 8
12, 8
16, 5
16, 6
16, 9
16, 6
15, 6
15, 7
13, 7
data
0, -12
-10, -8
5, -18
2, -17
1, -14
0, -12
1, -9
-1, -8
0, -10
-1, -12
-20, -17
19, -7
2, -12
1, -11
0, -11
0, -14
0, -13
2, -14
2, -16
4, -14
3, -17
3, -15
5, -13
data
2, -14
12, -13
-6, -9
0, -11
0, -14
0, -13
0, -14
1, -13
1, -14
-2, -15
1, -14
3, -9
5, -24
-1, -17
1, -14
2, -13
2, -14
0, -13
0, -12
3, -15
-3, -10
2, -15
-2, -11
-3, -10
0, -17
-8, -14
-8, -16
2, -15
-1, -10
-1, -12
-1, -10
2, -14
0, -14
0, -13
0, -13
-4, -10
1, -14
0, -13
0, -13
-1, -14
0, -13
-1, -16
0, -17
0, -15
0, -13
0, -14
1, -13
0, -13
0, -16
1, -15
-3, -14
0, -13
0, -12
0, -11
0, -14
-2, -14
-1, -16
-1, -12
0, -15
0, -14
0, -13
0, -14
0, -13
0, -15
0, -13
0, -14
0, -14
0, -14
0, -14
0, -14
0, -14
-1, -14
1, -14
-2, -14
0, -13
0, -13
0, -13
0, -13
0, -13
-1, -13
0, -13
1, -16
-2, -13
0, -14
0, -14
-1, -14
0, -13
-1, -13
0, -14
0, -13
0, -14
0, -14
0, -13
0, -14
0, -14
0, -14
-1, -15
0, -13
0, -14
0, -13
0, -14
0, -14
0, -13
-1, -13
0, -14
0, -13
0, -14
0, -15
0, -14
0, -13
0, -13
0, -14
1, -14
0, -14
0, -14
0, -14
0, -13
0, -15
0, -13
-1, -15
-1, -14
0, -14
0, -14
0, -13
1, -13
0, -14
0, -13
0, -14
0, -14
-1, -13
1, -14
0, -14
-1, -14
0, -14
0, -13
0, -13
0, -13
0, -13
0, -15
0, -14
0, -14
-1, -14
0, -14
0, -14
0, -13
0, -14
0, -14
0, -14
0, -13
0, -13
0, -13
0, -13
0, -14
0, -14
0, -13
0, -13
0, -13
0, -14
0, -14
0, -13
0, -13
0, -13
0, -13
0, -13
0, -12
0, -14
0, -13
0, -13
0, -13
0, -14
-1, -14
1, -14
0, -13
0, -13
0, -14
0, -14
0, -14
0, -14
0, -13
0, -13
0, -14
0, -12
0, -15
0, -13
0, -14
0, -14
0, -14
0, -13
0, -13
0, -14
0, -13
0, -12
1, -14
0, -14
0, -13
0, -13
0, -14
0, -14
0, -15
0, -14
0, -13
0, -13
0, -14
0, -13
0, -13
0, -14
0, -14
0, -13
-1, -13
0, -13
data
-16, 2
-11, 4
-21, 7
-21, 6
-19, 5
-19, 3
-14, 6
-27, 3
-7, 5
-19, 1
-9, -3
-17, 6
-14, 3
-22, 6
-18, 6
-20, 6
-20, 6
-19, 5
-18, 4
-19, 6
-19, 5
-19, 5
-18, 6
-18, 5
-17, 5
-18, 4
-18, 5
-17, 4
-17, 5
-18, 4
-19, 5
-18, 4
-18, 5
-18, 4
-18, 5
-17, 5
-19, 4
-19, 5
-18, 4
-18, 3
-19, 5
-19, 4
-18, 5
-18, 5
-19, 4
-18, 5
-19, 4
-19, 4
-16, 5
-17, 5
-18, 4
-18, 6
-18, 4
-18, 5
-18, 5
-18, 4
-17, 4
-18, 3
-19, 5
-18, 5
-19, 5
-18, 5
-19, 5
-18, 4
-17, 4
-17, 5
-18, 4
-17, 4
-19, 5
-17, 5
-18, 5
-18, 4
-16, 4
-18, 4
-18, 5
-19, 5
-17, 6
-18, 6
-18, 5
-17, 5
-18, 4
-18, 4
-18, 4
-19, 6
-18, 5
-18, 4
-17, 5
-18, 4
-17, 3
-18, 4
-19, 5
-18, 4
-18, 5
-17, 5
-17, 4
-16, 5
data
-10, 14
4, 15
-22, 13
-10, 15
-10, 14
-12, 15
-16, 9
-4, 20
-86, 4
32, 13
32, 24
-1, 14
-3, 12
-7, 13
-10, 26
13, 58
88, 90
294, 25
-142, -5
193, 56
245, 4
178, -21
287, -59
237, -109
221, -128
176, -101
118, 18
62, 53
105, 54
91, 38
114, 13
101, 8
104, 53
68, 61
61, 82
11, 76
23, 80
6, 53
-6, 0
-2, -44
-12, -2
-14, 30
-53, 25
-74, -10
-75, -12
-77, -2
-88, -53
-102, -52
-140, 3
-140, 38
-156, 42
-185, 10
-187, -5
-219, 14
-226, 24
-269, 36
-183, 26
-208, 43
-176, 46
-195, 52
-145, 55
-136, 47
-39, 21
-12, 15
-11, 13
-11, 14
-12, 15
-8, 20
-14, 8
-11, 14
-11, 13
-10, 14
-6, 15
-7, 14
-9, 14
-12, 14
data
-9, 11
-19, 11
-1, 17
-9, 16
-10, 16
-6, 15
-12, 11
-12, 10
-12, 13
-12, 16
-13, 18
-8, 16
-8, 14
-7, 15
-4, 19
56, 85
16, 62
6, 161
40, 239
-10, 340
-22, 406
16, 432
-36, 456
-11, 504
-51, 577
-103, 639
-86, 641
-87, 617
-94, 605
-90, 500
-45, 416
16, 298
25, 228
39, 110
53, 15
71, -102
58, -182
67, -254
89, -412
121, -614
102, -614
81, -603
23, -570
-19, -431
-69, -374
-24, -354
-29, -339
46, -404
52, -395
66, -321
52, -284
25, -186
-5, -71
-17, -1
-35, -28
0, 7
24, 1
1, 25
-6, 2
-13, 12
-11, 10
-12, 15
-11, 14
-11, 14
data
-10, 15
-10, 15
-2, 12
-15, 17
-13, 15
-10, 17
-7, 16
-8, 17
-4, 14
0, 19
9, 29
343, 270
326, 496
259, 547
189, 232
376, 401
342, 542
299, 551
241, 647
261, 554
246, 481
238, 409
231, 383
174, 370
147, 345
62, 239
76, 208
-23, 34
-43, -96
-81, -178
-75, -199
-118, -286
-155, -381
-138, -409
-200, -416
-226, -373
-233, -412
-227, -481
-273, -583
-290, -308
-245, -244
-208, -270
-196, -266
-203, -221
-164, -251
-161, -290
-152, -266
-158, -251
-119, -139
-34, 0
-18, 7
-10, 13
-10, 13
-10, 13
-10, 12
-9, 15
-9, 16
-9, 17
-9, 16
-10, 14
-10, 14
-11, 14
-10, 14
-11, 14
-10, 15
-10, 15
-12, 15
-10, 14
-10, 14
-10, 13
-10, 15
-9, 14
-9, 14
-8, 13
-10, 12
-10, 13
-11, 13
-10, 14
-10, 16
-11, 16
-10, 13
-10, 14
-11, 13
-11, 13
-11, 14
-9, 14
-10, 14
-9, 14
-10, 15
-10, 16
-10, 15
-11, 15
-11, 14
-10, 14
-11, 15
-9, 14
-9, 13
-9, 16
-10, 14
-11, 14
-11, 13
-11, 13
-10, 14
-10, 14
-10, 15
-10, 13
data
-10, 14
-7, 16
-14, 9
-9, 12
-10, 12
-10, 14
-9, 14
-9, 13
-12, 14
-11, 14
-7, 13
-12, 11
-28, 18
6, 12
-10, 11
-10, 13
-5, 5
-16, 21
-12, 17
-11, 15
-12, 14
-12, 12
-10, 11
-10, 10
-179, -173
-86, -177
-49, -211
-92, -221
-88, -292
-119, -338
-101, -386
-82, -464
-17, -527
4, -640
68, -700
97, -697
68, -648
78, -618
76, -592
91, -510
129, -331
122, -234
140, -86
45, 76
102, 298
-19, 453
6, 508
-15, 582
7, 637
4, 660
16, 616
12, 495
7, 418
-27, 390
-34, 536
-25, 547
23, 580
22, 420
16, 358
37, 254
10, 144
-2, 83
-21, 109
-18, 89
-10, 19
-10, 16
-11, 12
-9, 11
-10, 11
-9, 13
-10, 15
-10, 16
-11, 16
-12, 16
-12, 14
-11, 13
-9, 13
-10, 14
-9, 15
-9, 14
data
-11, 14
-34, 21
12, 5
-10, 14
-9, 13
-9, 13
-11, 13
-11, 14
-12, 13
-11, 14
-12, 13
-11, 14
-11, 13
-8, 15
-12, 16
-12, 15
-8, 13
-11, 10
-13, 12
-16, 10
-8, 19
-12, 18
-7, 25
-7, 18
-13, 3
-12, 11
-12, 13
-12, 13
-11, 14
-13, 13
-12, 15
-25, 13
-18, 9
-134, -9
-137, 0
-114, 4
-190, -2
-181, 0
-213, -21
-206, -46
-243, -36
-228, 0
-261, 56
-367, 54
-357, 81
-341, 81
-324, 51
-263, 56
-191, 92
-69, 53
-28, -18
55, -41
69, -70
108, -47
55, -26
45, 38
61, 45
173, 64
256, -9
288, -19
358, 27
286, 21
250, 31
226, 19
156, -24
159, 0
161, 1
165, -2
124, 16
138, 12
104, 6
126, 36
65, 56
35, 43
0, 20
-9, 14
-9, 13
-11, 12
-11, 13
-10, 12
-10, 13
-11, 13
-11, 13
-11, 14
-12, 13
-10, 14
-11, 14
-10, 12
-8, 12
-9, 13
-9, 13
-9, 14
-10, 16
-11, 15
data
-11, 15
-4, 18
-21, 11
-9, 16
-10, 14
-8, 15
-9, 16
-10, 16
-13, 17
-12, 18
0, 10
-24, 17
-11, 15
-15, 15
-10, 15
-11, 16
-11, 12
-6, 14
-10, 14
-11, 16
-11, 17
-10, 16
-11, 15
-11, 16
-11, 16
-11, 15
-12, 15
-12, 14
-11, 14
-10, 14
-11, 15
-11, 16
-11, 15
-10, 15
-10, 15
-11, 15
-10, 15
-11, 17
-11, 16
-10, 15
-11, 15
-3, 12
111, 48
-30, 20
28, 55
6, 55
12, 73
13, 89
-10, 157
-10, 181
-31, 221
-50, 238
-48, 299
-55, 279
-2, 170
-29, 151
-38, 251
-56, 273
-64, 298
-10, 233
-37, 195
-22, 212
-1, 243
3, 288
8, 310
-23, 282
-44, 299
-30, 286
-53, 197
-5, 172
-26, 123
10, 166
-13, 220
-25, 122
2, 32
13, -161
47, -287
51, -402
78, -477
69, -547
75, -547
13, -459
42, -340
13, -357
71, -351
80, -419
86, -437
0, -301
-58, -77
-26, -1
-16, -33
-30, -4
-8, -7
-20, -7
-10, 50
-11, 0
-10, -8
-8, 16
-7, 33
-1, 83
-6, 26
-10, 11
-12, 13
-10, 11
-13, 15
-11, 14
-11, 13
-11, 12
-14, 14
-12, 12
-12, 14
-13, 13
-13, 13
-12, 13
-12, 12
-11, 12
-12, 13
-11, 14
-12, 12
-10, 8
-11, 17
-14, 15
-12, 13
-12, 11
-10, 12
-9, 11
-7, 8
-12, 18
-12, 15
-16, 14
-14, 12
-12, 13
-10, 12
-9, 12
-10, 11
-12, 12
-12, 12
-11, 11
-12, 13
-11, 14
-12, 13
-12, 14
-11, 12
-10, 12
-11, 12
-10, 11
-11, 14
-12, 14
data
-9, 15
-10, 15
-11, 16
-10, 15
-12, 15
-10, 14
-11, 15
-12, 15
-10, 15
-10, 16
-13, 16
-8, 16
-9, 15
-14, 16
-32, 10
-23, -32
-4, 19
35, 26
-3, 20
3, 22
-4, 19
-2, 14
3, 10
-19, 10
-53, 31
-19, 19
-10, 15
-14, 13
-9, 14
-12, 12
-35, -7
-20, 8
-16, 14
-40, -12
-17, -30
-33, -11
-33, -84
-28, -156
-47, -177
-77, -202
-56, -231
-45, -242
-3, -312
21, -314
27, -278
34, -189
-26, -116
-45, -43
-24, -65
9, -74
-6, -88
33, -58
28, -13
-6, 12
-18, 32
-2, 8
2, 13
21, 98
-17, 194
-7, 249
-13, 264
8, 225
12, 223
-6, 163
34, 208
-7, 219
20, 185
-6, 125
-13, 95
-14, 127
-8, 115
16, 69
3, 27
23, 21
-13, 184
-56, 252
-14, 199
-7, 18
-8, 14
-10, 13
-9, 12
-10, 11
-11, 13
-11, 14
-11, 12
-30, -7
-22, 5
4, 20
-1, 27
-10, 21
-11, 15
-11, 12
-10, 13
-10, 12
-10, 13
-10, 15
-10, 14
-10, 14
-11, 13
-11, 13
-10, 13
-11, 13
-10, 14
-10, 14
-10, 14
-11, 13
-10, 14
-10, 13
-11, 13
-11, 15
-11, 14
-9, 15
-11, 14
-9, 13
-11, 13
-11, 13
-11, 13
-9, 13
-8, 9
-8, 13
-8, 11
-10, 17
-9, 14
-14, 17
-12, 14
-10, 12
-10, 12
data
-9, 14
-2, 9
-9, 15
-9, 14
-9, 11
-10, 16
-11, 12
-9, 15
-9, 13
-9, 13
-8, 11
-9, 10
-15, 17
-160, -97
-183, -130
39, -7
-61, -172
-12, -241
66, -311
54, -343
53, -299
25, -216
3, -134
23, -160
5, -201
12, -133
-11, -127
-17, -130
-32, -60
-26, -14
-50, -2
-32, 11
-34, 7
-18, 10
-24, 18
-15, 10
-41, 17
-57, 43
-44, 65
-33, 87
-47, 71
-15, 25
11, -25
36, -39
20, -5
10, 2
27, 32
-23, 56
-7, 3
-9, -15
14, 2
13, 37
13, 74
-14, 117
-11, 94
29, 38
4, 3
14, 84
-36, 120
-3, 101
-12, 104
-7, 83
3, 85
12, 101
9, 137
11, 173
20, 127
24, 62
25, 31
13, 56
-25, 142
-38, 169
-37, 128
-38, 136
-15, 106
5, 105
35, 85
0, 105
0, 151
-17, 168
-18, 154
-17, 100
-4, 74
-6, 53
-5, 49
-8, 25
-2, 41
-8, 16
-9, 14
-9, 14
-10, 14
-10, 14
-10, 14
-10, 13
-9, 15
-9, 14
-9, 13
-10, 14
-10, 14
-8, 14
-9, 15
-10, 15
-9, 15
-11, 14
-8, 14
-9, 13
-10, 13
-8, 13
-7, 12
-10, 15