data 1
0.18210719955418797, 0.11056701244485505
0.3740380595732437, 0.27971747101054395
0.0, 0.0
0.0, 0.0
0.0, 0.0
0.0, 0.0
0.0, 0.0
0.0, 0.0
0.0, 0.0
0.0, 0.0
0.0, 0.0
0.0, 0.0
1.3316758994986764, -1.0984408600908488
5.541684315203617, -0.6639482133532117
12.580906944790481, 0.893393817367075
15.445073876808536, 1.4255255409727687
17.778763143723726, 0.7664605267881737
25.40740540120266, 2.1285244037723476
30.167538802940197, 3.226962773212769
30.62490892106564, 2.255452713050393
30.787569225245047, 1.899068837156773
33.21949509680891, 1.6891435765652378
39.66929809850372, 4.564613145004287
46.64957876530137, 5.272495206972482
49.92633943684387, 5.9217938228198435
50.68824302938021, 6.610148069414428
50.968787259138026, 6.722431762487478
49.58913287033319, 5.565407456275795
45.684797742057334, 3.998299027218276
40.99456977659205, 2.8510386286933986
34.47714096466136, 2.0552789068935247
28.303540269001036, 1.5426725080110142
22.72918286169765, 1.2058164474910054
19.316030756665185, 0.9275438330918305
17.97567100971982, 1.2546334952746057
16.625487602309587, 1.7867652188802992
15.059183664672265, 1.5670760506019583
13.345524820061923, 1.6110123898673698
11.189801254532533, 1.7721156213744493
9.201079916905895, 1.8062880529530552
8.204548286230905, 2.260308515064304
7.090132729977499, 2.4604673773186057
data 2
0.18210719955418797, 0.11056701244485505
0.19721217120562343, 0.25042574795012695
0.0, 0.0
0.0, 0.0
0.0, 0.0
0.0, 0.0
0.0, 0.0
0.0, 0.0
0.0, 0.0
0.0, 0.0
0.0, 0.0
0.0, 0.0
0.0, 0.0
0.0, 0.0
0.0, 0.0
0.0, 0.0
0.0, 0.0
0.0, 0.0
0.0, 0.0
0.0, 0.0
0.0, 0.0
0.0, 0.0
0.0, 0.0
0.0, 0.0
0.0, 0.0
0.0, 0.0
0.0, 0.0
0.0, 0.0
0.0, 0.0
0.0, 0.0
0.0, 0.0
0.0, 0.0
0.0, 0.0
0.0, 0.0
0.0, 0.0
0.0, 0.0
0.0, 0.0
0.0, 0.0
0.0, 0.0
0.0, 0.0
0.0, 0.0
0.0, 1.2488760682814273
0.0, 2.4196408750684095
0.0, 4.361754389113037
0.0, 7.993023932975044
-1.267076948558508, 11.93673852281483
-2.6815088040900332, 16.261245512440038
-3.7521125433511853, 19.75582034868676
-5.539843496547686, 22.02990672408278
-6.335384742792541, 25.182744791291313
-6.384327793707442, 27.48612288974775
-6.423447184157475, 29.076735727067376
-5.843675965320838, 30.71616810282103
-5.047784216257109, 31.46708487907537
-4.0259482765014205, 31.065860548286643
-3.1711145646484846, 28.975480187680542
-3.2593522574228575, 27.6857402573925
-4.41836894086782, 23.369188944194708
-3.5930062104094875, 20.898016183803183
-3.5338889962108433, 17.382105300923456
-3.4060061587581245, 15.13550241732846
-3.366536265489216, 12.156606457223045
-3.415479316404117, 9.607322435337075
-3.7198375394055816, 7.097094044198328
-4.09296138566112, 4.7235603606748615
-4.299083004013907, 2.6819995385027857
-4.131905524701717, 0.8943003161876573
-3.8959624221354523, 0.034172324119065116
-3.9056108311908826, -0.04484305300507538
-3.9152592402463124, -0.0848027993819933
-3.915083988836875, -0.10523473038529992
-3.9443797188220415, -0.12566666138860652
0.0, -0.1363346847051075
0.0, -0.14700270802160847
0.0, -0.1674346390249151
0.0, -0.21715829308863863
0.0, 0.6704531907809799
0.0, -0.12132744747997284
0.0, 0.5026585288458931
data 3
0.15263621815958459, 0.08127528938443809
0.28562511538943364, 0.17231448645568184
0.0, 0.0
0.0, 0.0
0.0, 0.0
0.0, 0.0
0.0, 0.0
0.0, 0.0
0.0, 0.0
0.0, 0.0
0.0, 0.0
0.0, 0.0
0.0, 0.0
0.0, 0.0
0.0, 0.0
0.0, 0.0
0.0, 0.0
0.0, 0.0
0.0, 0.0
-1.795747319374991, 1.5023091922113667
-4.416682117798877, 1.627907400583137
-9.709652562666804, 2.4076874239708856
-17.85148454234639, 2.4356465554746
-27.348981666177735, 2.942037163631791
-36.11952791560886, 4.219776479046628
-42.827105467417745, 5.302237640725351
-47.60924556811255, 6.7264355714422726
-51.41884328278543, 7.457396056395993
-52.82164418356571, 7.045979341993452
-51.61135140069115, 8.021037519117314
-48.79980196204315, 7.892774127632138
-47.275152044292824, 6.944342490455287
-46.47745300094272, 5.7615770687951
-46.23970260409007, 4.803381523931445
-45.44200356073996, 3.376518410101117
-41.37302558258888, 3.1994354801819123
-35.5947306835508, 2.8270743965265943
-30.22902952403717, 2.864797435717114
-24.725797118015393, 1.6917959217437342
-21.383770014264524, 1.2217957612203603
-17.471970603551327, 0.7225038776365693
-13.412816285865112, 0.7797547322007004
-10.031494540254773, 0.7393665098967749
-6.81717502254719, 0.47440841079631957
-4.11368584901273, 0.3754367423715602
-1.8817323777919253, 0.03236738177665971
0.556517963191103, -0.3790493326258803
0.8335630019032166, -0.39014583186938884
0.9043111708531066, -0.3621867003656748
0.9652356793381288, -0.34399147654876644
1.0359838482880188, -0.30626843735824677
1.1165556777027767, -0.26854539816772705
1.1971275071175345, 0.0
1.2580520156025568, 0.0
1.3288001845524466, 0.0
1.389724693037469, 0.0
1.4604728619873588, 0.0
1.5410446914021168, 0.0
1.6314401812817423, 0.0
1.7021883502316322, 0.0
0.0, 0.0
0.0, 0.0
0.0, 0.0
0.0, 0.0
0.0, 0.0
0.0, 0.0
0.0, 0.0
0.0, 0.0
0.0, 0.0
data 4
0.16245987862445238, 0.0617474740108268
0.2954487758543014, 0.17231448645568184
0.0, 0.0
0.0, 0.0
0.0, 0.0
0.0, 0.0
0.0, 0.0
0.0, 0.0
0.0, 0.0
0.0, 0.0
0.0, 0.0
0.0, 0.0
0.0, 0.0
0.0, 0.0
0.0, 0.0
0.0, 0.0
0.0, 0.0
0.0, 0.0
0.0, 0.0
0.0, 0.0
0.0, 0.0
0.0, 0.0
0.0, 0.0
0.0, 0.0
0.0, 0.0
0.0, 0.0
0.0, 0.0
0.0, 0.0
0.0, 0.0
0.0, 0.0
0.0, 0.0
0.0, 0.0
0.0, 0.0
0.0, -1.563575368679436
0.0, -7.354922765745717
-0.6152952211224412, -10.236625672143914
-1.7512444468828756, -13.557704424448366
-3.4274949982110385, -18.148091176037553
-4.239263428630836, -21.898781866561453
-5.60115684508323, -25.82522289544785
-6.982697582465358, -29.312288078428
-8.108823147760924, -32.8872284305894
-7.869459908439867, -35.6029449063119
-6.578964999377956, -37.7914103669469
-5.376883034499856, -39.79436158153259
-4.302508655665036, -40.537768704520346
-3.2281342768302155, -40.978494689217136
-2.4681170328711652, -39.91557889014585
-2.2975194168041826, -39.29203893698082
-3.610294530932237, -37.77021947662968
-4.903422324130556, -36.785414939052835
-5.430304601069187, -34.755872278987795
-4.454166826883045, -31.99403654241233
-2.731430857366951, -28.48037991395283
-1.1953444366833443, -24.956959377806527
-0.4353271927242942, -21.62881699539633
-0.08790368828969138, -18.21279944380489
0.7801738207829044, -14.513628569296081
0.7641218880173989, -11.947070986456728
1.2981949412844898, -8.589636880986118
2.3529219991895736, -5.5641756368669
3.4076490570946576, -2.733992546483795
4.698143966156569, 0.35981605144306195
5.143804075239849, 1.3348566813330938
5.245636068052757, 1.421381711723812
5.337644400400798, 1.4493232959936961
5.410005411819102, 1.4675009725767747
5.4627191023076715, 1.4856786491598533
5.505609132331372, 1.5038563257429318
5.5583228228199415, 1.5220340023260104
5.650331155167982, 1.5695034019695058
5.771810468910625, 1.6072088939261957
5.922760764047872, 1.664442201256497
data 5
0.16245987862445238, 0.10080310475804938
0.2954487758543014, 0.2211340248897101
0.0, 0.0
0.0, 0.0
0.0, 0.0
0.0, 0.0
0.0, 0.0
0.0, 0.0
0.0, 0.0
0.0, 0.0
0.0, 0.0
0.0, 0.0
0.0, 0.0
0.0, 0.0
0.0, 0.0
0.0, 0.0
0.0, 0.0
0.0, 0.0
0.0, 0.0
0.0, 0.0
0.0, 0.0
0.0, 0.0
0.9248047649940493, -0.9693276753857591
1.6531363206907426, -1.421168243370819
3.1084187507876524, -1.1895352732794837
5.713069455274095, -1.2312917184187064
9.99756609925293, -0.8043805945912582
15.814553775751142, -0.543455901439506
23.144385163838994, 0.11778900687127777
31.230638407721667, 0.3201302539021962
39.73930905159365, -0.004779514154390225
47.37367391409241, -0.08559159004083552
54.693681641715386, -0.7131824963883969
61.846687141435616, -1.321245587362347
68.08609221792314, -2.6127822164126924
73.3136602665293, -3.4747069072435894
77.49992030585945, -3.6043385215640633
80.76275626149203, -3.978067828054678
81.95279985903751, -4.127227257748762
79.80279889852794, -4.2959145028164585
77.0339073287317, -5.509339870372358
73.53806488453523, -6.586070530312979
68.6963809566519, -7.467523036517488
63.84487336830368, -7.685029820019211
58.47271177531748, -7.775605803592462
52.77636938699063, -6.938610556919175
46.46113638937711, -6.560518971525756
40.352200261525816, -5.840690617094138
34.01731994298257, -6.116780846716696
28.458508801163866, -6.588149230075367
23.12564185003713, -7.3817265670986245
17.871364182629335, -8.126484365687855
12.558144552432331, -8.685727918227776
7.5101637547867615, -8.864179070982278
3.8866137245470207, -8.749712993132611
1.4615502710211516, -8.371621407739191
-0.02044177787740905, -8.208335791455495
-0.4709494779648514, -8.171980975100274
-0.5088634385278463, -8.135626158745051
-0.46818811537189897, -8.109035250076635
-0.4373364526808193, -8.082444341408218
-0.4261321109194752, -8.055853432739802
-0.3952804482283956, -8.01949861638458
-0.36442878553731595, -7.992907707716163
-0.3335771228462363, -7.9760807067345505
-0.29290179969028884, -7.969017613439745
-0.26205013699920926, 0.0
-0.2410221347729974, 0.0
-0.21999413254678554, 0.0
-0.21861345125030926, 0.0
0.0, 0.0
0.0, 0.0
0.0, 0.0
0.0, 0.0
0.0, 0.0
0.0, 0.0
data 6
0.16245987862445238, 0.11056701244485505
0.41333270143271494, 0.3090091940709609
0.0, 0.0
0.0, 0.0
0.0, 0.0
0.0, 0.0
0.0, 0.0
0.0, 0.0
0.0, 0.0
0.0, 0.0
0.0, 0.0
0.0, 0.0
0.0, 0.0
0.0, 0.0
0.0, 0.0
0.0, 0.0
0.0, 0.0
0.0, 0.0
0.0, 0.0
0.0, 0.0
0.0, 0.0
0.0, 0.0
-0.8953430692788369, 3.1091968747344945
-1.7219205153035992, 5.281058611535646
-1.271422100895548, 9.0151455782257
-0.8896893097415713, 13.784206759717154
-0.23289402557129646, 18.709490464197497
0.11936778418807671, 22.570508230816028
-0.5303837734690652, 25.806635905479
-1.5043161264668443, 28.974416226334327
-1.9968891166861014, 31.790695870464653
-2.518933088299962, 35.23186560655054
-2.0586110134270434, 37.696644573955865
0.07173334047340073, 40.58127157189382
2.693260717617235, 43.085106170046366
3.939475629679577, 42.70858800059125
3.9970276254929167, 39.62746740189096
4.054579621306257, 36.99548655678374
4.554196338038646, 33.71908780434734
5.112755017560243, 30.940648343938026
4.463003459903101, 28.396542668012053
2.997888083661932, 25.00297702333399
1.631009312069441, 22.068315039935786
1.462617117190821, 18.840735825933418
0.911102164182357, 15.09566950453035
1.3910715599850114, 11.116269398643947
0.7314963418630017, 6.4533957546811465
0.07192112374099208, 3.0695940176898864
-0.17506035485657023, 0.8769890184889141
-0.2943342474108512, -0.2513500428502425
-0.30554787485158635, -0.9988967044039789
-0.09081731160036233, -1.424234412293129
0.26144449815901083, -1.361376735841997
1.4487174474321467, -0.878671028858222
2.6458140571701505, -0.4447848603084754
2.732837034378093, -0.4698023530385941
2.8002126906563003, -0.48505593808190706
2.8675883469345074, -0.50030952312522
2.925140342747847, -0.5057992004817274
2.992515999026054, -0.5210527855250404
3.069715315769129, -0.5265424628815477
3.1469146325122037, -0.5320321402380551
3.2339376097201464, -0.5472857252813681
3.3111369264632216, -0.5625393103246811
3.368688922276561, -0.5875568030547997
3.4360645785547677, 0.0
3.5034402348329747, 0.0
3.5708158911111814, 0.0
0.0, 0.0
0.0, 0.0
0.0, 0.0
0.0, 0.0
0.0, 0.0
0.0, 0.0
0.0, 0.0
0.0, 0.0
0.0, 0.0
0.0, 0.0
0.0, 0.0
0.0, 0.0
0.0, 0.0
0.0, 0.0
0.0, 0.0
0.0, 0.0
0.0, 0.0
0.0, 0.0
0.0, 0.0
0.0, 0.0
data 14
0.16245987862445238, 0.05198356632402115
0.2758014549245658, 0.006328055779985853
0.0, 0.0
0.0, 0.0
0.0, 0.0
0.0, 0.0
0.0, 0.0
0.0, 0.0
0.0, 0.0
0.0, 0.0
0.0, 0.0
0.0, 0.0
0.0, 0.0
0.0, 0.0
0.0, 0.0
0.0, 0.0
0.0, 0.0
0.0, 0.0
0.0, 0.0
0.0, 0.0
0.0, 0.0
0.0, 0.0
0.0, 0.0
0.0, 0.0
0.0, 0.0
0.0, 0.0
0.0, 0.0
0.0, 0.0
0.0, 0.0
0.0, 0.0
0.0, 0.0
0.0, 0.0
0.0, 0.0
0.0, 0.0
0.0, 0.0
0.0, 0.0
0.0, 0.0
0.0, 0.0
0.0, 0.0
0.0, 0.0
0.0, 0.0
0.0, 0.0
0.0, 0.0
0.0, 0.0
0.0, 0.0
0.0, 0.0
0.0, 0.0
0.0, 0.0
0.0, 0.0
0.0, 0.0
0.0, 0.0
0.0, 0.0
0.0, 0.0
0.0, 0.0
0.0, 0.0
0.0, 0.0
0.0, 0.0
0.0, 0.0
0.0, 0.0
0.0, 0.0
0.0, 0.0
0.0, 0.0
0.0, 0.0
0.0, 0.0
0.0, 0.0
0.0, 0.0
0.0, 0.0
0.0, 0.0
0.0, 0.0
0.0, 0.0
0.0, 0.0
0.0, 0.0
0.0, 0.0
0.0, 0.0
0.0, 0.0
0.0, 0.0
0.0, 0.0
0.0, 0.0
0.0, 0.0
0.0, 0.0
0.0, 0.0
0.0, 0.0
0.0, 0.0
0.0, 0.0
0.0, 0.0
0.0, 0.0
0.0, 0.0
0.0, 0.0
0.0, 0.0
0.0, 0.0
0.0, 0.0
0.0, 0.0
0.0, 0.0
0.0, 0.0
0.0, 0.0
0.0, 0.0
0.0, 0.0
0.0, 0.0
0.0, 0.0
0.0, 0.0
0.0, 0.0
0.0, 0.0
0.0, 0.0
0.0, 0.0
0.0, 0.0
0.0, 0.0
0.0, 0.0
0.0, 0.0
data 15
0.10351791583524564, -0.17258631047250866
0.21685949213535904, -0.23776963639015525
0.0, 0.0
0.0, 0.0
0.0, 0.0
0.0, 0.0
0.0, 0.0
0.0, 0.0
0.0, 0.0
0.0, 0.0
0.0, 0.0
0.0, 0.0
0.0, 0.0
0.0, 0.0
0.0, 0.0
0.0, 0.0
0.0, 0.0
0.0, 0.0
0.0, 0.0
0.0, 0.0
0.0, 0.0
0.0, 0.0
0.0, 0.0
0.0, 0.0
0.0, 0.0
0.0, 0.0
0.0, 0.0
0.0, 0.0
0.0, 0.0
0.0, 0.0
data 16
-0.10277895392697808, -0.016363787483618362
-0.166263265994485, 0.06491150190081972
0.0, 0.0
0.0, 0.0
0.0, 0.0
0.0, 0.0
0.0, 0.0
0.0, 0.0
0.0, 0.0
0.0, 0.0
0.0, 0.0
0.0, 0.0
0.0, 0.0
0.0, 0.0
0.0, 0.0
0.0, 0.0
0.0, 0.0
0.0, 0.0
0.0, 0.0
0.0, 0.0
0.0, 0.0
0.0, 0.0
0.0, 0.0
data 17
-0.12242627485671367, -0.03589160285722966
-0.23502888924855958, -0.1694222825825158
0.0, 0.0
0.0, 0.0
0.0, 0.0
0.0, 0.0
0.0, 0.0
0.0, 0.0
0.0, 0.0
0.0, 0.0
0.0, 0.0
0.0, 0.0
0.0, 0.0
0.0, 0.0
0.0, 0.0
0.0, 0.0
0.0, 0.0
0.0, 0.0
0.0, 0.0
0.0, 0.0
0.0, 0.0
0.0, 0.0
0.0, 0.0
0.0, 0.0
0.0, 0.0
0.0, 0.0
0.0, 0.0
0.0, 0.0
0.0, 0.0
0.0, 0.0
0.0, 0.0
0.0, 0.0
0.0, 0.0
0.0, 0.0
0.0, 0.0
0.0, 0.0
0.0, 0.0
0.0, 0.0
0.0, 0.0
0.0, 0.0
0.0, 0.0
0.0, 0.0
0.0, 0.0
0.0, 0.0
0.0, 0.0
0.0, 0.0
0.0, 0.0
0.0, 0.0
0.0, 0.0
0.0, 0.0
0.0, 0.0
0.0, 0.0
0.0, 0.0
0.0, 0.0
0.0, 0.0
0.0, 0.0
0.0, 0.0
0.0, 0.0
0.0, 0.0
0.0, 0.0
0.0, 0.0
0.0, 0.0
0.0, 0.0
0.0, 0.0
0.0, 0.0
0.0, 0.0
0.0, 0.0
0.0, 0.0
0.0, 0.0
0.0, 0.0
0.0, 0.0
0.0, 0.0
0.0, 0.0
0.0, 0.0
0.0, 0.0
0.0, 0.0
0.0, 0.0
0.0, 0.0
0.0, 0.0
0.0, 0.0
0.0, 0.0
0.0, 0.0
0.0, 0.0
0.0, 0.0
0.0, 0.0
0.0, 0.0
0.0, 0.0
0.0, 0.0
0.0, 0.0
0.0, 0.0
0.0, 0.0
0.0, 0.0
0.0, 0.0
0.0, 0.0
0.0, 0.0
0.0, 0.0
0.0, 0.0
0.0, 0.0
0.0, 0.0
0.0, 0.0
0.0, 0.0
0.0, 0.0
0.0, 0.0
0.0, 0.0
0.0, 0.0
0.0, 0.0
0.0, 0.0
0.0, 0.0
0.0, 0.0
0.0, 0.0
0.0, 0.0
0.0, 0.0
0.0, 0.0
0.0, 0.0
0.0, 0.0
0.0, 0.0
0.0, 0.0
0.0, 0.0
0.0, 0.0
0.0, 0.0
0.0, 0.0
0.0, 0.0
0.0, 0.0
0.0, 0.0
0.0, 0.0
0.0, 0.0
0.0, 0.0
0.0, 0.0
0.0, 0.0
0.0, 0.0
0.0, 0.0
0.0, 0.0
0.0, 0.0
0.0, 0.0
0.0, 0.0
0.0, 0.0
0.0, 0.0
0.0, 0.0
0.0, 0.0
0.0, 0.0
0.0, 0.0
0.0, 0.0
0.0, 0.0
0.0, 0.0
0.0, 0.0
0.0, 0.0
0.0, 0.0
0.0, 0.0
0.0, 0.0
0.0, 0.0
0.0, 0.0
0.0, 0.0
0.0, 0.0
0.0, 0.0
0.0, 0.0
0.0, 0.0
0.0, 0.0
0.0, 0.0
0.0, 0.0
0.0, 0.0
0.0, 0.0
0.0, 0.0
0.0, 0.0
0.0, 0.0
0.0, 0.0
0.0, 0.0
0.0, 0.0
0.0, 0.0
0.0, 0.0
0.0, 0.0
0.0, 0.0
0.0, 0.0
0.0, 0.0
0.0, 0.0
0.0, 0.0
0.0, 0.0
0.0, 0.0
0.0, 0.0
0.0, 0.0
0.0, 0.0
0.0, 0.0
0.0, 0.0
0.0, 0.0
0.0, 0.0
0.0, 0.0
0.0, 0.0
0.0, 0.0
0.0, 0.0
0.0, 0.0
0.0, 0.0
0.0, 0.0
0.0, 0.0
0.0, 0.0
0.0, 0.0
0.0, 0.0
0.0, 0.0
0.0, 0.0
0.0, 0.0
0.0, 0.0
0.0, 0.0
0.0, 0.0
0.0, 0.0
0.0, 0.0
0.0, 0.0
0.0, 0.0
0.0, 0.0
0.0, 0.0
0.0, 0.0
0.0, 0.0
0.0, 0.0
data 18
0.03475229258117105, 0.13985873550527195
0.0891519060920777, 0.23089793257651567
0.0, 0.0
0.0, 0.0
0.0, 0.0
0.0, 0.0
0.0, 0.0
0.0, 0.0
0.0, 0.0
0.0, 0.0
0.0, 0.0
0.0, 0.0
0.0, 0.0
0.0, 0.0
0.0, 0.0
0.0, 0.0
0.0, 0.0
0.0, 0.0
0.0, 0.0
0.0, 0.0
0.0, 0.0
0.0, 0.0
0.0, 0.0
0.0, 0.0
0.0, 0.0
0.0, 0.0
0.0, 0.0
0.0, 0.0
0.0, 0.0
0.0, 0.0
0.0, 0.0
0.0, 0.0
0.0, 0.0
0.0, 0.0
0.0, 0.0
0.0, 0.0
0.0, 0.0
0.0, 0.0
0.0, 0.0
0.0, 0.0
0.0, 0.0
0.0, 0.0
0.0, 0.0
0.0, 0.0
0.0, 0.0
0.0, 0.0
0.0, 0.0
0.0, 0.0
0.0, 0.0
0.0, 0.0
0.0, 0.0
0.0, 0.0
0.0, 0.0
0.0, 0.0
0.0, 0.0
0.0, 0.0
0.0, 0.0
0.0, 0.0
0.0, 0.0
0.0, 0.0
0.0, 0.0
0.0, 0.0
0.0, 0.0
0.0, 0.0
0.0, 0.0
0.0, 0.0
0.0, 0.0
0.0, 0.0
0.0, 0.0
0.0, 0.0
0.0, 0.0
0.0, 0.0
0.0, 0.0
0.0, 0.0
0.0, 0.0
0.0, 0.0
0.0, 0.0
0.0, 0.0
0.0, 0.0
0.0, 0.0
0.0, 0.0
0.0, 0.0
0.0, 0.0
0.0, 0.0
0.0, 0.0
0.0, 0.0
0.0, 0.0
0.0, 0.0
0.0, 0.0
0.0, 0.0
0.0, 0.0
0.0, 0.0
0.0, 0.0
0.0, 0.0
0.0, 0.0
0.0, 0.0
data 23
0.15263621815958459, 0.08127528938443809
0.315096096784037, 0.02585587115359714
0.0, 0.0
0.0, 0.0
0.0, 0.0
0.0, 0.0
0.0, 0.0
0.0, 0.0
0.0, 0.0
0.0, 0.0
0.0, 0.0
0.0, -0.040412182479780595
0.0, -0.06129654958594991
0.0, -0.04312528594489664
0.0, 0.004337700756573573
0.0, -0.1727691893384861
0.7645552441577035, -1.082169155943969
0.8905725580990004, -4.0029341060314145
0.7218800580942635, -2.666635304671599
1.152430846446462, -4.6012455783916755
1.0721512906255353, -7.043579051825645
0.7462802231829135, -8.831730710243637
0.04711005807531568, -11.684148306523442
-1.1432431302756718, -14.048370518462965
-2.5202458674591477, -16.2563702074136
-3.632009772091193, -18.02499405045798
-3.5747580814039703, -19.227311247667632
-3.173678274446375, -19.88284961441617
-2.762774807023912, -20.95823601169735
-2.509049907039334, -21.896927701363246
-2.500916518676451, -23.060189267825677
-2.541901432637906, -24.096520034359635
-2.140821625680311, -25.162142523954007
-1.6611525350037737, -25.87626433682338
-0.9751865745650123, -26.522038795885113
-0.3481625769154578, -26.67961787060656
0.31815606259356793, -26.954363837569673
0.719235869551163, -27.063123373857096
0.599661671870765, -27.054716017902848
0.04784641373618403, -27.085364292695825
-0.09137510487394955, -27.01837349062074
0.08376051139168629, -26.931854873172046
0.20977782533298325, -26.464543855937933
-0.008032976996092669, -25.7921907772809
-0.2454911002549042, -25.110073790937058
-0.38471261886503777, -24.408428989219612
-1.024940821183429, -23.5993812029473
-1.6553453630369523, -22.653638709059713
-1.7454485793227468, -21.336867723073507
-1.4917236793381687, -20.020096737087304
-1.1987041374941194, -18.54710322811221
-1.2200417305258393, -16.79095639621975
-1.388734230530576, -15.015281748953685
-1.3707771817028251, -12.927162055709834
-1.254583528226396, -10.770695008658345
-1.0205059491715536, -8.194379931074211
-0.8846649747653889, -6.457760914555364
-0.5818217724564716, -4.477044205866377
-0.24950758875295098, -2.8087725431551696
0.14174855773977632, -0.9549866343946549
0.5624756856271069, 0.4106038900255774
0.0, 1.688319245264559
0.0, 2.018935554883393
0.0, 2.0859263569584745
0.0, 2.14315325134675
0.0, 2.200380145735026
0.0, 2.2673709478101074
0.0, 2.2953061191379662
0.0, 2.381824736586659
0.0, 2.439051630974935
0.0, 2.4962785253632105
0.0, 2.543741512064681
0.0, 2.5521488680189286
0.0, 2.5703201316599817
0.0, 2.6080192106746463
0.0, 0.0
data 24
0.1231652367649812, 0.07151138169763244
0.2463304735299624, 0.24066184026332132
0.0, 0.0
0.0, 0.0
0.0, 0.0
0.0, 0.0
0.0, 0.0
0.0, 0.0
0.0, 0.0
0.0, 0.0
0.0, 0.0
0.0, 0.0
0.0, 0.0
0.0, 0.0
0.0, 0.0
0.0, 0.0
0.47104448035964397, 0.0
1.9146313467411997, 0.0
4.124463729382444, -0.3901247126209259
7.326485818975334, -0.2920540409015694
11.1768694992495, -0.07681647694054512
15.28266835161023, -0.2326074050781354
19.624235055127784, 0.11932486649816787
24.437337460958993, 0.22715944590433
29.967567080725555, 0.725550332782718
36.106863649313915, 1.7316644193749995
42.265807538832014, 2.571792075291585
48.188983577193284, 3.4216836388949763
53.99427568997615, 4.339922556306007
58.76808345394788, 5.219105842969815
62.71670373887073, 5.65891328372737
65.50613208893917, 5.503122355589779
67.60790420646687, 5.259456258270938
68.55048438914018, 4.879095453336817
68.55981682765103, 4.362039940787418
67.41978099177236, 3.669234089875517
65.49385231870426, 3.1033590388920897
62.860620092165675, 2.449608818727411
58.675249512177984, 1.5810526294530085
52.505499518287, 0.40005139420082536
46.335749524396014, -0.5954355950020505
40.27405979561857, -1.385880522782008
34.53655086218177, -1.6100188047272375
30.164530733361588, -1.42407296382663
26.352459251038873, -0.7499317385857407
22.736860978013514, -0.5151663592511051
19.268617611961172, -0.23158144148244142
15.161836315692423, -0.6802896002242012
11.143467963607485, -1.1875812050867949
7.852050485922763, -1.8315675175646675
4.92410844543815, -2.338859122427261
2.95888513051058, -2.582525219746102
2.123382769042807, -2.533274086460774
1.9755366401157801, -2.366856060933778
1.5624516786373226, -2.02468769704428
1.4931948334292378, -2.0242561021929806
1.364996025431946, -2.258158291825016
1.4725650685914815, -2.267490604660521
1.3541899210590578, -2.2084755636883875
1.3340513781753118, -2.0811131689086144
1.2942655143618305, -1.9732785895024523
1.303597952872688, -1.8556801024094844
1.3031067309186777, -1.7478455230033225
1.3026155089646674, -1.6400109435971606
data 28
0.16245987862445238, 0.08127528938443809
0.32491975724890476, 0.16255057876887619
0.0, 0.0
0.0, 0.0
0.0, 0.0
0.0, 0.0
0.0, 0.0
0.0, 0.0
0.0, 0.0
0.0, 0.0
0.0, 0.0
2.575738264681294, -3.379163558905903
7.3716237944227085, -6.592340687136112
12.668516007872382, -9.15133600035034
14.8709551748887, -11.026857775488175
18.733592960467675, -14.728230288058663
23.98136687159301, -18.09762993927776
29.31755372690215, -21.047181559964216
35.5968119868386, -23.430426534815943
40.96246982354235, -26.008949663403786
45.611000446310754, -28.44101417668954
49.55222751560867, -30.794967428480852
53.23803941282003, -33.080573326464524
56.7961437239881, -34.80963648630027
60.10865652353448, -36.27507413859227
62.37986131380487, -36.91057963750578
64.34653262966435, -37.68277984403458
64.60388702463685, -37.488353189569615
63.58416555917653, -37.09864838136854
61.758903935597054, -36.33791508106886
59.727345442255356, -35.63576522689
56.84112848847015, -34.5137673421785
53.02166379052251, -33.030504873055186
48.927136599558565, -31.713228834607577
44.763843785340555, -29.790590519578014
41.02296837111185, -27.614090604691505
36.898970198753304, -25.369243335997353
32.097139454318885, -23.18297951342404
26.29329534246795, -20.54757593725767
23.190957858455654, -17.7461859304156
20.717334644194903, -15.384171769479781
17.988296257847587, -13.383422192955774
15.298552513359741, -11.499839508673434
13.050873489790948, -9.547909470583456
10.50848465227612, -7.976771832278898
7.582973056631448, -6.434925917034756
4.893229312143603, -4.980955170971865
2.350840474628775, -3.4684009787881402
0.9087016091791402, -2.3366391863898355
0.8320515483461289, -2.0348095473700107
0.8241671107671921, -1.889202431339076
0.875224635977462, -1.8217065768025869
0.9262821611877319, -1.7542107222660979
0.9773396863980018, -1.6867148677296087
1.018573551143404, -1.6192190131931194
1.0892783972834097, -1.5614870663434357
1.169806903888283, -1.5037551194937522
1.2601590709580242, -1.4460231726440684
1.3406875775628975, -1.3882912257943847
1.4015687632380351, -1.3207953712578955
1.4624499489131728, -1.2532995167214063
1.5233311345883107, -1.1760397544981114
0.0, 0.0
0.0, 0.0
0.0, 0.0
0.0, 0.0
0.0, 0.0
0.0, 0.0
0.0, 0.0
0.0, 0.0
0.0, 0.0
0.0, 0.0
0.0, 0.0
0.0, 0.0
0.0, 0.0
0.0, 0.0
0.0, 0.0
0.0, 0.0
0.0, 0.0
0.0, 0.0
0.0, 0.0
0.0, 0.0
0.0, 0.0
0.0, 0.0
0.0, 0.0
0.0, 0.0
0.0, 0.0
0.0, 0.0
0.0, 0.0
0.0, 0.0
0.0, 0.0
0.0, 0.0
0.0, 0.0
0.0, 0.0
0.0, 0.0
0.0, 0.0
0.0, 0.0
0.0, 0.0
0.0, 0.0
0.0, 0.0
0.0, 0.0
0.0, 0.0
0.0, 0.0
0.0, 0.0
0.0, 0.0
0.0, 0.0
data 29
0.15263621815958459, 0.08127528938443809
0.32491975724890476, 0.13325885570845925
0.0, 0.0
0.0, 0.0
0.0, 0.0
0.0, 0.0
0.0, 0.0
0.0, 0.0
0.0, 0.0
0.0, 0.0
0.0, 0.0
0.0, 0.0
0.0, 0.0
0.0, 0.0
0.0, 0.0
0.0, 0.0
0.0, 0.0
0.0, 0.0
0.0, 0.0
0.0, 0.0
0.0, 0.0
0.0, 0.0
0.0, 0.0
0.0, 0.0
-1.7979327314951183, 1.661476347390143
-3.635160104849707, 2.414909279907361
-5.806391934009801, 2.8070776280127703
-8.075860367818573, 3.619094006650822
-11.042808694632958, 4.392054754541651
-14.461645402831264, 5.467696640723456
-18.35201781334322, 6.367588188542758
-23.00863574011487, 7.081965490312754
-28.284144276173183, 7.1616887924403825
-34.669726444761565, 7.036370033145093
-41.64472824124201, 6.286161181894241
-48.59025905632785, 5.2527990077260265
-55.054430508635164, 4.502590156475176
-61.22389214699645, 3.654742228356267
-67.13793861327117, 2.8264221156109706
-72.24644492142674, 1.8516433875635891
-75.59651600637098, 0.5058361674175933
-77.99369202622303, -0.771623698920763
-78.93696629727465, -2.224833903621621
-78.28880757301768, -2.7504728780759424
-75.45979622556007, -3.832654590678186
-71.10811750604795, -3.733403473176946
-66.2161374609681, -3.8782500478458473
-60.597206541488035, -3.81805456109183
-54.43797429644024, -3.972665043447537
-48.05279786070049, -4.097983802742826
-42.09986248541491, -4.340469454279784
-37.33559002637835, -4.543899475069519
-33.3277394231366, -4.698509957425227
-29.59495131291115, -4.521147578429542
-24.427908774815002, -4.275437845626217
-19.152805971605307, -4.1176032820041435
-13.553522373054976, -4.42843628734874
-9.526024448883492, -4.729505385006531
-6.107593473533811, 0.0
-3.71082318653038, 0.0
-2.394655550662407, 0.0
-1.6777312031513694, 0.0
-0.7053916835537688, 0.17617026088031446
0.0704746267464757, 0.323048798700212
0.15868470450597447, 0.39181607502566435
0.21742380087086985, 0.46058335135111667
0.23686825537629408, 0.5391145353633747
0.24648904941685051, 0.0
0.25610984345740695, 0.0
0.285377958427699, 0.0
0.33429339432772653, 0.0
0.39303249069262197, 0.0
0.4517715870575174, 0.0
0.5105106834224128, 0.0
0.5496024588575726, 0.0
0.5788705738278646, 0.0
0.0, 0.0
0.0, 0.0
0.0, 0.0
0.0, 0.0
data 30
0.15263621815958459, 0.09103919707124374
0.37403805957324376, 0.4066482709390173
0.0, 0.0
0.0, 0.0
0.0, 0.0
0.0, 0.0
0.0, 0.0
0.0, 0.0
0.0, 0.0
0.0, 0.0
0.0, 0.0
0.0, 0.0
0.0, 0.0
0.0, 0.0
0.0, 0.0
0.0, 0.0
0.0, 0.0
0.0, 0.0
0.0, 0.0
0.0, 0.0
0.0, 0.0
0.0, 0.0
0.0, 0.0
0.0, 0.0
0.0, 0.0
0.0, 0.0
0.0, 0.0
0.0, 0.0
0.0, 0.0
0.0, 0.0
0.0, 0.0
0.0, 0.0
0.0, 0.0
0.0, 1.1973161364547744
0.0, 2.423923995969966
0.0, 3.425961978688627
0.0, 5.170056945604518
0.0, 6.826276743339157
0.0, 8.794941587051577
0.0, 10.695259076956358
0.0, 12.956841151272947
0.0, 15.071964610287452
0.5547085942711657, 17.509297022966543
1.0897698676125958, 20.981603650447035
1.8900699735054567, 24.356271201059467
2.6903700793983174, 27.57471622868301
3.195960371345144, 30.62717482563086
3.7506689656163097, 33.084035053683564
4.659029336622717, 34.83789392828626
5.184266949499279, 35.40055606509867
5.012024669370228, 35.56289798675205
4.613838198549217, 34.914835570400555
3.9307655742470407, 34.13007844643378
3.473637140636823, 32.96452892268159
3.22280557678883, 32.3164665063301
3.6006882826923756, 31.766043166846664
4.047336611849996, 31.059397304374336
4.680634489840103, 29.259193780979775
4.596805153894863, 26.64858591958035
4.414739213300944, 23.72553301220314
4.684561654090944, 20.119006566749537
4.895442132091737, 17.21548147474594
5.204559214741208, 14.663457059467344
5.395792371812265, 12.345766428672086
5.164608128894007, 10.711549335953224
5.169191737132576, 9.048040520173945
5.183599005836013, 7.365003889021053
5.1685352931448465, 5.642911627120939
5.330297468821301, 4.321139580379857
5.452765002638283, 2.8626728260234957
5.516290573666059, 1.7361789330185264
0.0, 0.3948790709038329
0.0, -0.35082242231571625
0.0, -0.803606684931096
0.0, -0.9146541785082781
0.0, -0.9378265029042093
0.0, -0.9609988273001406
0.0, -0.9646433363224606
0.0, -0.9682878453447806
0.0, -0.9816962620539063
0.0, -0.995104678763032
0.0, -0.998749187785352
0.0, -1.002393696807672
0.0, -1.006038205829992
0.0, -0.9999188071655065
0.0, -1.0133272238746323
0.0, 0.0
0.0, 0.0
0.0, 0.0
0.0, 0.0
0.0, 0.0
0.0, 0.0
0.0, 0.0
0.0, 0.0
data 32
0.16245987862445238, 0.09103919707124374
0.3543907386435082, 0.11373104033484795
0.0, 0.0
0.0, 0.0
0.0, 0.0
0.0, 0.0
0.0, 0.0
0.0, 0.0
0.0, 0.0
0.0, 0.0
0.0, 0.0
0.0, 0.0
0.0, 0.0
0.0, 0.0
0.0, 0.0
0.0, 0.0
0.0, 0.0
0.0, 0.0
0.0, 0.0
0.0, 0.0
0.0, 0.0
0.0, 0.0
0.0, 0.0
0.0, 0.0
0.0, 0.0
0.0, 0.0
0.0, 0.0
0.0, 0.0
0.0, 0.0
0.0, 0.0
0.0, 0.0
0.0, 0.0
0.0, 0.0
0.0, 0.0
0.0, 0.0
0.0, 0.0
0.0, 0.0
0.0, 0.0
0.0, 0.0
0.0, 0.0
0.0, 0.0
0.0, 0.0
0.0, -1.17879934261379
0.0, -0.9808877013879839
0.0, -1.3492827059969053
0.0, -1.5028717414961026
0.0, -1.7150442231161338
0.6244206908475554, -1.9369806124229707
1.9168502933061216, -1.9343471249332773
3.4450477469215137, -1.9317136374435842
5.366191619131619, -1.7240380885309725
7.454337719244476, -1.3308482935690538
10.141727107714269, -0.957186313980746
12.632643286886704, -0.515176980584799
14.052780475388552, -0.5906547545895512
15.286268115057911, -0.4025070210505509
17.50212180121405, -0.12648411833029982
19.93409601759728, 0.3252891227524529
22.611661745602206, 0.8551736253296508
24.650689543390722, 0.8578071128193439
26.31641824351426, 1.1240661078527894
28.149149171540554, 0.0
30.28641357397775, 0.0
32.865742697334, -0.12612939944088286
35.66119235091734, -0.301078337315794
38.18157951148437, -0.17334613689973005
40.86896889995417, 0.1594281249392524
43.42865070238068, 0.35550767916295584
45.11402672343395, 0.776157110183189
46.553811232865534, 0.7281389722367513
47.51223637951859, 0.8851628957132321
48.89307892616097, 0.6906861424647097
50.804399137906195, 0.0
51.75300062409439, 0.0
51.81747266844449, 0.0
49.98597824307509, 0.0
46.91670259913236, -0.5431121069619087
42.71770600172982, -1.12527984467104
37.781934869462205, -1.9710730899239237
32.15850750465384, -2.7289911659955566
26.535080139845473, -3.5454926881880233
21.776134895945475, -3.7566319337985403
18.186205247364747, -4.250924502326421
14.429273370881269, -4.462063747936938
10.731283457186994, -5.239509639382183
6.36528463188171, -6.1048307000086774
1.8224599182088048, -7.028735206756006
-1.38434697224208, -7.11294365243805
-2.390653918562579, -6.630845452285366
-2.650362669553125, -6.461192298110463
-3.224428555419441, -6.3891782208036165
-3.5136082878045904, -6.1804694358814904
-3.8322590015843434, -6.1865666200690885
-4.150909715364096, -6.075496912015019
-3.909611782646385, -6.062066280829007
-4.159496873172063, -6.038871741956188
-4.487971247416684, -6.025441110770175
-4.580677770504478, -6.031538294957773
-4.506382065689519, -6.0473993868321765
-3.94090333763117, -6.121843924827415
-3.9353732560702857, 0.0
-4.077198081482418, 0.0
-4.199375585964815, 0.0
-4.341200411376947, 0.0
-4.443730594929609, 0.0
-4.556084438947138, 0.0
-4.678261943429535, 0.0
-4.8102631083768, 0.0
-4.922616952394329, 0.0
0.0, 0.0
0.0, 0.0
0.0, 0.0
0.0, 0.0
0.0, 0.0
0.0, 0.0
0.0, 0.0
0.0, 0.0
0.0, 0.0
0.0, 0.0
0.0, 0.0
0.0, 0.0
0.0, 0.0
0.0, 0.0
0.0, 0.0
0.0, 0.0
0.0, 0.0
0.0, 0.0
0.0, 0.0
0.0, 0.0
0.0, 0.0
0.0, 0.0
0.0, 0.0
0.0, 0.0
0.0, 0.0
0.0, 0.0
0.0, 0.0
0.0, 0.0
0.0, 0.0
0.0, 0.0
0.0, 0.0
0.0, 0.0
0.0, 0.0
0.0, 0.0
0.0, 0.0
0.0, 0.0
0.0, 0.0
0.0, 0.0
0.0, 0.0
data 33
0.16245987862445238, 0.07151138169763244
0.32491975724890476, 0.15278667108207053
0.0, 0.0
0.0, 0.0
0.0, 0.0
0.0, 0.0
0.0, 0.0
0.0, 0.0
0.0, 0.0
0.0, 0.0
0.0, 0.0
0.0, 0.0
0.0, 0.0
0.0, 0.0
0.0, 0.0
0.0, 0.0
0.0, 0.0
0.0, 0.0
0.0, 0.0
0.0, 0.0
0.0, 0.0
0.0, 0.0
0.0, 0.0
0.0, 0.0
0.0, 0.0
0.0, 0.0
0.0, 0.0
0.0, 0.0
0.0, 0.0
0.0, 0.0
0.0, 0.0
0.0, 0.0
0.0, 0.0
0.0, 0.0
0.0, 0.0
0.0, 0.0
-0.880426643034461, 0.0
-2.468156839539403, 0.0
-4.262183905806569, 0.0
-6.301802483695429, 0.0
-8.626307215065456, 0.0
-11.058872211549028, 0.0
-14.179093440573345, 0.0
-17.3189619905274, -0.45676350418834427
-20.105178763746213, -0.9721104544975222
-22.017089755591794, -1.55580475861434
-23.211873533502022, -1.5536646015228188
-23.689530097476904, -1.3660101983819903
-24.383307191678878, -1.3833978566640805
-25.16549723006466, -1.722994468610757
-26.08521851495859, -1.9161324652553486
-26.71022998590649, -2.490062861685361
-26.893176735935338, -3.0151737196813446
-26.83053197434249, -3.2083117163259365
-26.571414003452286, -3.2842828207288606
-26.54806388371891, -3.5164764481206747
-26.475595461661193, -3.787725706259712
-25.568115900089715, -4.244489210448056
-23.71756493389093, -4.330224222537786
-21.326712642124416, -4.5135983114955724
-18.788505443384885, -4.638388954332524
-16.633421002775194, 0.0
-14.497983883095241, 0.0
-12.951966391307357, 0.0
-10.963884178600422, 0.0
-8.867741700779941, 0.0
-7.105603678764965, 0.0
-5.932885284642056, 0.0
-5.0548767044651814, 0.0
-3.8625109894125376, 0.0
-2.788029199938307, 0.0
-2.1654357918479956, 0.0
-1.955436123282131, 0.0
-1.8043784175054736, 0.0
-0.05206405595536527, 0.0
2.368259217205753, 0.4731075818455764
4.267928485728878, 0.5361310408453157
4.3895152101109325, 0.5308071460374155
4.471807292633515, 0.0
4.5442757146912305, 0.0
4.606920476284078, 0.0
4.659741577412057, 0.0
4.732209999469772, 0.0
4.814502081992355, 0.0
4.877146843585202, 0.0
4.7531420563455615, 0.0
4.747021194684334, 0.0
4.888255239996123, 0.0
5.098254908561987, 0.0
5.249312614338645, 0.0
0.0, 0.0
0.0, 0.0
0.0, 0.0
0.0, 0.0
0.0, 0.0
0.0, 0.0
0.0, 0.0
0.0, 0.0
0.0, 0.0
0.0, 0.0
0.0, 0.0
0.0, 0.0
0.0, 0.0
0.0, 0.0
0.0, 0.0
0.0, 0.0
0.0, 0.0
0.0, 0.0
0.0, 0.0
0.0, 0.0
0.0, 0.0
0.0, 0.0
0.0, 0.0
0.0, 0.0
0.0, 0.0
0.0, 0.0
0.0, 0.0
0.0, 0.0
0.0, 0.0
0.0, 0.0
0.0, 0.0
0.0, 0.0
0.0, 0.0
0.0, 0.0
0.0, 0.0
0.0, 0.0
0.0, 0.0
data 39
0.15263621815958459, 0.07151138169763244
0.2561541339948302, 0.07467540958762536
0.0, 0.0
0.0, 0.0
0.0, 0.0
0.0, 0.0
0.0, 0.0
0.0, 0.0
0.0, 0.0
0.0, 0.0
0.0, 0.0
0.0, 0.0
0.0, 0.0
-1.0179718319422686, 1.5017322342381605
-2.3601244592251747, 3.2280343452728513
-2.493966849329342, 2.786748949836688
-4.248713216136695, 3.32185432308109
-6.681292155019926, 3.3785282196720154
-9.801527326443903, 2.6736173166921
-13.236119632743648, 2.0858733059538523
-16.23847087858921, 1.5078932029024106
-18.425458305850746, 1.2033025150815269
-19.806905574993124, 1.1135177963703673
-21.443768016222066, 0.8284549239230949
-23.483400536510583, 0.7191423898383241
-24.855024145188093, 0.5414825019459139
-26.167705791076397, 0.5883924908500333
-27.5098584183593, 0.6938859258749868
-28.16435481310146, 0.9458379762020248
-28.3669628264597, 1.139206580408229
-28.45168691423953, 1.5669089690977684
-28.408703415976078, 1.8188610194248067
-28.405014559572095, 2.090340885125456
-28.37185472177351, 2.205598227837215
-28.26010560025598, 2.379439016669808
-28.226945762457394, 0.0
-28.125020301404735, 0.0
-27.76767966826551, 0.0
-27.194218504899197, 0.0
-26.404636811305792, 0.0
-25.77223368515027, 0.0
-25.591718940378666, 0.0
-25.902387218850453, 0.0
-26.35058674383039, -0.507190673593751
-26.464781813004823, -0.8581588241986118
-26.51021125892518, -1.1114878979354161
-26.260930890899502, -1.5308034023479165
-25.775882671717, -1.4619235224201343
-25.811488457172487, -1.5492661654812427
-26.0239201309956, -1.6170809931687398
-26.069349576915958, -1.9094656976527666
-25.770950906565943, -2.192086494449988
-25.109076799015817, -2.4747072912472095
-24.024785291476377, -2.493702580500678
-23.1664379746289, 0.0
-22.858215643814013, 0.0
-22.893821429269504, 0.0
-22.133710717070702, 0.0
-21.01994822813666, 0.0
-20.092835288035104, 0.0
-19.136251366538946, 0.0
-18.385964314805015, 0.0
-17.616029942141346, 0.0
-16.68891700203979, 0.0
-15.408152285202995, 0.0
-13.773735791630958, 0.0
-12.591207679442842, 0.0
-12.04721749747113, 0.0
-11.807760789910322, 0.0
-11.322712570727818, 0.0
-9.992829551566683, 0.0
-8.397707699854118, 0.0
-7.205355927201132, 0.3266254535463771
-5.934414870829205, 0.6630148147795598
-4.958183628403311, 0.7748342992162127
-3.9917760464422845, 0.6913756299167527
-3.2218416737786146, 0.31499973001312326
-2.2554340918175884, 0.28036059914769146
-0.8371381284726434, 0.2457214682822597
0.7481600627750538, 0.3770687680925238
2.1959270075146016, 0.5181799755895937
3.113216287151289, 0.6495272753998579
3.775090394701413, 0.6539437752816487
4.230667632489314, 0.0
4.646950228417743, 0.0
4.827464973189345, 0.0
5.165158285398832, 0.0
5.257260085986624, 0.0
5.3297145656446805, 0.0
5.402169045302737, 0.0
5.474623524960793, 0.0
5.54707800461885, 0.0
5.619532484276907, 0.0
5.682163303470095, 0.0
5.76444144359302, 0.0
0.0, 0.0
0.0, 0.0
0.0, 0.0
0.0, 0.0
0.0, 0.0
0.0, 0.0
0.0, 0.0
0.0, 0.0
0.0, 0.0
0.0, 0.0
0.0, 0.0
0.0, 0.0
0.0, 0.0
0.0, 0.0
0.0, 0.0