picocom v3.1

port is        : /dev/serial/by-id/usb-STMicroelectronics_STM32_STLink_066CFF495277504867202954-if02
flowcontrol    : none
baudrate is    : 115200
parity is      : none
databits are   : 8
stopbits are   : 1
escape is      : C-a
local echo is  : yes
noinit is      : no
noreset is     : no
hangup is      : no
nolock is      : no
send_cmd is    : sz -vv
receive_cmd is : rz -vv -E
imap is        : lfcrlf,
omap is        : 
emap is        : crcrlf,delbs,
logfile is     : none
initstring     : none
exit_after is  : not set
exit is        : no

Type [C-a] [C-h] to see available commands
Terminal ready
data 0
-9, 17, 1010
-10, 16, 1010
-12, 17, 1009
-10, 16, 1009
-10, 15, 1009
-10, 15, 1008
-10, 15, 1009
-10, 16, 1011
-10, 16, 1011
-10, 15, 1009
-11, 15, 1008
-11, 16, 1009
-10, 15, 1010
-10, 16, 1010
-11, 16, 1010
-9, 16, 1009
-10, 16, 1009
-10, 16, 1011
-9, 15, 1008
-12, 16, 1008
-11, 21, 1005
-12, 12, 1024
-10, 15, 1016
-10, 14, 996
-8, 15, 1005
-9, 15, 1016
-9, 19, 1007
-11, 19, 1009
-10, 17, 1011
0, 21, 1004
-7, 7, 1013
23, 45, 1006
-7, 14, 1011
-8, 22, 1014
-56, -17, 1014
-20, 15, 1010
-15, 21, 1015
-7, 13, 1008
-7, 14, 1007
-9, 19, 1009
-8, 15, 1011
-8, 15, 1011
-9, 17, 1010
-11, 17, 1010
-10, 18, 1010
-13, 18, 1009
-19, 19, 1000
-11, 20, 1012
-9, 18, 1014
-9, 13, 1010
-6, 33, 1012
-5, 33, 1010
-9, 11, 1013
-19, -5, 1009
-20, 2, 1009
-12, 18, 1007
-21, 34, 1010
-75, 81, 1011
-8, 87, 1010
7, 4, 1011
4, 3, 1011
2, 37, 1009
21, 83, 1009
30, 141, 1010
20, 99, 1010
47, 73, 1003
2, 29, 1009
-12, 44, 1003
-53, 56, 1014
-41, 55, 1005
-34, 68, 1014
-28, 39, 1010
10, -17, 1009
2, -46, 1009
9, -42, 1012
21, 49, 1009
19, 94, 1013
1, 186, 1007
-32, 219, 1012
-14, 233, 1004
-36, 205, 1011
-40, 197, 1005
-50, 240, 1011
-102, 253, 1009
-57, 232, 1008
-83, 219, 1005
-58, 228, 1007
-109, 171, 998
-60, 114, 1045
-184, 53, 972
-131, 147, 962
-169, 44, 1047
-100, 3, 1014
-108, -105, 1003
-62, -208, 1021
-22, -295, 1014
-9, -323, 1012
11, -371, 996
-4, -420, 1021
15, -428, 1011
29, -374, 1005
13, -315, 1018
42, -310, 1016
45, -298, 1009
41, -289, 1012
55, -286, 1012
106, -262, 994
107, -172, 1027
152, -12, 1004
168, -56, 1012
219, 8, 1024
196, -29, 1009
207, -74, 1001
170, -104, 1017
167, -100, 1019
138, -6, 1002
91, 115, 989
54, 269, 1036
65, 339, 1015
83, 294, 1004
103, 244, 1010
148, 200, 1007
103, 224, 1021
89, 270, 984
9, 289, 1028
-9, 292, 994
-38, 254, 1011
-69, 249, 1005
-134, 249, 1033
-84, 285, 1014
-72, 239, 920
-188, 296, 1085
-123, 288, 989
-176, 206, 1012
-151, 138, 992
-163, 61, 1023
-170, 16, 991
-176, 39, 1010
-196, 2, 991
-186, 33, 995
-187, 46, 1016
-142, 0, 1011
-122, -39, 1019
-81, -110, 1003
-96, -85, 1002
-73, -71, 1001
-71, -102, 1031
-53, -175, 985
-64, -207, 1049
-118, -184, 989
-121, -148, 1003
-120, -98, 1017
-88, -82, 1018
-48, -85, 1000
6, -113, 1004
28, -120, 1027
44, -150, 994
59, -191, 1018
56, -215, 1019
68, -178, 1007
6, -130, 1002
74, -76, 1001
83, -59, 1004
138, -37, 1023
135, -70, 1007
158, -101, 1024
136, -154, 1007
148, -137, 1010
145, -120, 1005
136, -28, 1018
121, -66, 953
134, -1, 1053
112, 83, 1022
93, 111, 995
63, 124, 1019
61, 148, 1005
66, 177, 1007
43, 190, 1005
23, 221, 1007
15, 251, 1016
14, 221, 999
4, 208, 1015
-37, 213, 1005
-32, 199, 1007
-79, 167, 1009
-79, 149, 999
-114, 110, 1016
-97, 84, 1001
-124, 34, 1013
-108, 10, 1007
-107, 12, 998
-97, 7, 1014
-55, -14, 1005
-49, -39, 1007
-59, -35, 1016
-55, -23, 1004
-78, -5, 1007
-58, -9, 1008
-36, -55, 1019
-49, -95, 1005
-29, -83, 1006
-31, -53, 1019
-47, -13, 994
-22, 0, 1013
6, -7, 1004
22, -8, 1022
77, -67, 994
-31, -41, 1024
71, -33, 1001
43, -51, 1010
49, -6, 1006
9, 1, 1007
28, 0, 1009
49, -9, 1010
16, 2, 1008
49, 7, 1018
30, 4, 1003
45, 8, 1008
26, 10, 1010
9, 11, 1009
-8, 14, 1008
-10, 14, 1006
-11, 14, 1007
-10, 14, 1008
-10, 14, 1008
-9, 14, 1008
-10, 14, 1007
-10, 14, 1009
-11, 14, 1006
-10, 14, 1007
-10, 13, 1009
-10, 14, 1010
-10, 14, 1009
-11, 15, 1009
-10, 13, 1007
-10, 12, 1008
data 1
-9, 14, 1010
-2, 9, 1020
-9, 15, 1012
-9, 14, 1013
-9, 11, 1012
-10, 16, 1011
-11, 12, 1012
-9, 15, 1012
-9, 13, 1013
-9, 13, 1011
-8, 11, 1008
-9, 10, 1009
-15, 17, 994
-160, -97, 1005
-183, -130, 1017
39, -7, 1017
-61, -172, 1015
-12, -241, 1013
66, -311, 1029
54, -343, 1017
53, -299, 1005
25, -216, 1003
3, -134, 1022
23, -160, 1002
5, -201, 1019
12, -133, 1002
-11, -127, 1025
-17, -130, 1018
-32, -60, 1016
-26, -14, 1029
-50, -2, 987
-32, 11, 991
-34, 7, 1034
-18, 10, 1000
-24, 18, 1008
-15, 10, 1025
-41, 17, 1006
-57, 43, 999
-44, 65, 1008
-33, 87, 1022
-47, 71, 1031
-15, 25, 1004
11, -25, 1010
36, -39, 966
20, -5, 1055
10, 2, 1014
27, 32, 1029
-23, 56, 989
-7, 3, 1018
-9, -15, 1007
14, 2, 1011
13, 37, 990
13, 74, 1022
-14, 117, 1016
-11, 94, 1008
29, 38, 1007
4, 3, 1013
14, 84, 999
-36, 120, 1020
-3, 101, 1028
-12, 104, 1018
-7, 83, 1008
3, 85, 993
12, 101, 1015
9, 137, 999
11, 173, 1021
20, 127, 997
24, 62, 1033
25, 31, 1014
13, 56, 991
-25, 142, 1016
-38, 169, 1005
-37, 128, 1011
-38, 136, 1013
-15, 106, 1006
5, 105, 1020
35, 85, 997
0, 105, 1019
0, 151, 1004
-17, 168, 1007
-18, 154, 1017
-17, 100, 1006
-4, 74, 1013
-6, 53, 1008
-5, 49, 1011
-8, 25, 1011
-2, 41, 1010
-8, 16, 1010
-9, 14, 1011
-9, 14, 1010
-10, 14, 1011
-10, 14, 1009
-10, 14, 1009
-10, 13, 1011
-9, 15, 1010
-9, 14, 1011
-9, 13, 1011
-10, 14, 1011
-10, 14, 1007
-8, 14, 1010
-9, 15, 1012
-10, 15, 1011
-9, 15, 1012
-11, 14, 1013
-8, 14, 1011
-9, 13, 1010
-10, 13, 1009
-8, 13, 1008
-7, 12, 1010
-10, 15, 1007
data 2
-9, 15, 1008
-27, 14, 1003
-13, 12, 1010
-12, 11, 1008
-10, 17, 1010
-10, 13, 1010
-10, 14, 1011
-11, 12, 1010
-13, 16, 1011
-5, 18, 1010
-8, 16, 1009
-9, 15, 1008
-10, 12, 1010
0, 3, 1009
-20, 25, 1009
14, 18, 1006
-33, 14, 1012
-10, 14, 1009
-9, 16, 1014
-10, 15, 1011
-9, 12, 1010
-11, 14, 1009
-10, 14, 1008
-10, 15, 1009
-8, 15, 1009
-8, 16, 1009
-8, 15, 1010
-7, 13, 1011
-9, 14, 1011
-9, 10, 1008
-9, 18, 1009
-5, 10, 1011
-2, 11, 1010
70, 8, 1010
90, 24, 1006
127, 19, 1019
124, -1, 1014
143, -3, 1016
162, -13, 996
178, -38, 1033
174, -59, 983
145, -57, 1037
105, -31, 1019
44, 1, 1017
40, 38, 1013
36, 50, 1009
-37, 91, 1066
223, 29, 923
3, -21, 1029
81, -22, 1000
71, 12, 1032
5, 46, 986
4, 68, 1007
5, 10, 993
37, -16, 1014
38, -30, 1018
12, -11, 1009
8, 15, 1012
23, 31, 965
-57, 83, 1049
-43, 93, 1006
-41, 64, 1018
-49, 25, 1009
-54, -3, 1010
-56, -9, 998
-36, -13, 1013
-38, -7, 992
-85, -4, 1027
3, -1, 1003
-107, 26, 1039
-21, 16, 907
-67, 34, 1072
-15, 49, 981
-5, 21, 1032
-40, 55, 1027
-40, 50, 1017
-25, 0, 991
-31, -46, 1014
-40, -71, 1011
-33, -49, 1013
-71, 21, 1015
-92, 90, 1019
-82, 148, 988
-75, 119, 1017
-36, 8, 1023
-19, -48, 1009
-24, -78, 995
-43, -71, 997
-86, -42, 1033
-86, 18, 1019
-89, 74, 985
-115, 99, 1002
-115, 74, 1014
-100, 21, 1020
-114, -30, 1001
-150, -4, 1018
-153, 36, 1012
-161, 55, 1001
-176, 42, 1010
-32, 13, 1006
-12, 12, 1010
-10, 14, 1014
-9, 12, 1014
-10, 14, 1016
-10, 15, 1014
-54, -5, 1011
-14, 12, 1006
-12, 15, 1012
-10, 14, 1013
-10, 15, 1007
-10, 15, 1012
-10, 14, 1014
-10, 13, 1012
-11, 13, 1007
-10, 14, 1009
-10, 14, 1009
-11, 14, 1009
-11, 14, 1010
-11, 15, 1011
-11, 13, 1010
-9, 15, 1010
-9, 16, 1011
-14, 13, 1006
-11, 13, 1009
-9, 13, 1009
-9, 12, 1012
-13, 14, 1008
-12, 15, 1012
-8, 14, 1010
-12, 13, 1016
-10, 13, 1015
data 3
-10, 13, 1017
-20, 23, 1019
-10, 16, 1018
-6, 25, 1012
36, 43, 1012
-39, -10, 1006
-18, 8, 1010
-17, 9, 1010
-13, 12, 1009
-14, 8, 1012
-10, 13, 1009
-10, 15, 1015
-14, 16, 1010
-10, 13, 1009
-9, 16, 1012
-8, 10, 1013
-11, 13, 999
-9, 17, 1002
-8, 14, 1019
-10, 16, 1020
-9, 17, 1010
29, 73, 1011
-19, 32, 1011
-7, 110, 1014
-15, 184, 1012
-40, 226, 1005
-26, 247, 1009
-1, 207, 1011
-7, 170, 1003
-7, 153, 1012
-1, 172, 1008
-25, 205, 1006
-17, 256, 1018
-22, 239, 1006
-31, 210, 1008
-21, 182, 1022
-8, 180, 995
-11, 134, 1024
-11, 153, 1017
0, 159, 1000
-42, 135, 1013
-40, 103, 1021
-50, 70, 1031
-26, 87, 982
10, 83, 1017
-5, 42, 997
50, -5, 1020
1, -68, 975
-25, -68, 1037
-11, -113, 1033
-55, -127, 993
-39, -50, 1014
-43, 69, 1010
32, 41, 998
56, -14, 1043
53, -50, 970
90, -101, 1039
43, -139, 1009
60, -184, 991
-26, -252, 1020
3, -274, 1032
-45, -189, 996
-47, -82, 1014
-23, 2, 1014
2, -55, 1006
28, -133, 1031
0, -170, 1001
15, -211, 1020
14, -205, 1005
-9, -148, 1013
-15, -70, 1012
-3, -71, 1009
-15, -91, 1010
13, -174, 1015
2, -156, 1010
-8, -55, 1012
-10, 13, 1010
-12, 14, 1011
-9, 15, 1012
-10, 14, 1011
-10, 13, 1012
-12, 14, 1014
-12, 14, 1012
-9, 14, 1012
-11, 15, 1014
-10, 14, 1011
-12, 14, 1011
-11, 15, 1010
-10, 14, 1010
-10, 16, 1010
-9, 14, 1009
-10, 12, 1011
-10, 13, 1009
-10, 13, 1009
-9, 8, 1010
-12, 13, 1009
-10, 15, 1009
-11, 20, 1011
-11, 16, 1012
-10, 13, 1008
-8, 10, 1009
-10, 12, 1010
-10, 14, 1013
-10, 16, 1012
-11, 14, 1013
-11, 12, 1010
data 4
-9, 13, 1008
-20, 12, 1001
-1, 14, 1012
-11, 15, 1013
-8, 17, 1011
-13, 4, 1015
-11, 10, 1017
-10, 11, 1020
-6, 13, 1019
-16, 15, 1010
-11, 15, 1013
-11, 14, 1016
-10, 15, 1006
-7, 14, 1003
-12, 10, 1018
-14, 15, 1004
-8, 10, 1009
-2, -8, 1017
-3, 15, 1009
-29, 43, 1009
-14, 15, 1003
-12, 13, 1013
-20, -1, 1018
-48, -19, 1010
-132, 16, 1005
-106, 28, 1007
-147, 25, 1019
-149, 20, 997
-104, 70, 1015
-86, 51, 1006
-100, 28, 1028
-118, 66, 991
-116, 76, 1025
-159, 52, 997
-115, 27, 1028
-149, -1, 1003
-128, 16, 1053
-135, -27, 983
-112, -27, 1019
-88, 28, 982
-81, 38, 1028
-67, 47, 1020
-81, 27, 1012
-86, -42, 986
-63, -25, 1024
-52, 24, 1020
-72, 25, 1012
-62, 39, 1018
-84, 58, 995
-79, 78, 1006
-65, 66, 993
-44, 29, 1035
-32, -32, 1030
-1, -41, 987
21, -33, 987
24, -23, 1042
36, -22, 999
49, -12, 1036
29, -16, 995
16, 18, 1001
8, 21, 990
35, 31, 1027
26, -8, 1021
119, -32, 1015
93, -39, 1002
138, -15, 1022
125, 30, 1000
99, 38, 1023
142, 19, 1007
69, 40, 1026
121, 27, 993
148, -16, 1014
118, -34, 1017
148, -18, 1013
154, -3, 1014
103, 12, 1002
57, 6, 1007
65, 3, 1013
33, 18, 1012
32, 23, 1007
40, 48, 1007
56, 50, 1012
49, 32, 1009
3, 15, 1011
-9, 14, 1011
-9, 13, 1012
-10, 14, 1009
-11, 14, 1011
-12, 13, 1008
-12, 14, 1011
-10, 14, 1010
-9, 15, 1009
-9, 15, 1010
-9, 14, 1011
-9, 14, 1011
-9, 14, 1011
-9, 13, 1009
-10, 14, 1012
-10, 13, 1013
-10, 14, 1011
data 5

Terminating...
Thanks for using picocom
