picocom v3.1

port is        : /dev/serial/by-id/usb-STMicroelectronics_STM32_STLink_066CFF495277504867202954-if02
flowcontrol    : none
baudrate is    : 115200
parity is      : none
databits are   : 8
stopbits are   : 1
escape is      : C-a
local echo is  : yes
noinit is      : no
noreset is     : no
hangup is      : no
nolock is      : no
send_cmd is    : sz -vv
receive_cmd is : rz -vv -E
imap is        : lfcrlf,
omap is        : 
emap is        : crcrlf,delbs,
logfile is     : none
initstring     : none
exit_after is  : not set
exit is        : no

Type [C-a] [C-h] to see available commands
Terminal ready
-9, 15, 1011
-10, 15, 1005
-11, 16, 1017
-10, 15, 1013
-12, 15, 1010
-10, 14, 1007
-11, 15, 1014
-12, 15, 1011
-10, 15, 1010
-10, 16, 1011
-13, 16, 1009
-8, 16, 1010
-9, 15, 1006
-14, 16, 1006
-32, 10, 1013
-23, -32, 1011
-4, 19, 1006
35, 26, 1008
-3, 20, 1009
3, 22, 1021
-4, 19, 1007
-2, 14, 1011
3, 10, 1008
-19, 10, 1012
-53, 31, 1010
-19, 19, 1008
-10, 15, 1010
-14, 13, 1011
-9, 14, 1009
-12, 12, 1012
-35, -7, 1011
-20, 8, 1008
-16, 14, 1009
-40, -12, 1011
-17, -30, 1008
-33, -11, 1011
-33, -84, 1009
-28, -156, 1013
-47, -177, 1016
-77, -202, 997
-56, -231, 1012
-45, -242, 1020
-3, -312, 999
21, -314, 998
27, -278, 1035
34, -189, 1016
-26, -116, 1010
-45, -43, 1012
-24, -65, 971
9, -74, 1053
-6, -88, 988
33, -58, 1014
28, -13, 1027
-6, 12, 1008
-18, 32, 999
-2, 8, 1013
2, 13, 1006
21, 98, 1032
-17, 194, 1021
-7, 249, 998
-13, 264, 1021
8, 225, 989
12, 223, 1012
-6, 163, 1025
34, 208, 992
-7, 219, 1022
20, 185, 1012
-6, 125, 1014
-13, 95, 1010
-14, 127, 996
-8, 115, 1018
16, 69, 1009
3, 27, 1021
23, 21, 1002
-13, 184, 1013
-56, 252, 1004
-14, 199, 1009
-7, 18, 1009
-8, 14, 1008
-10, 13, 1007
-9, 12, 1009
-10, 11, 1010
-11, 13, 1010
-11, 14, 1009
-11, 12, 1010
-30, -7, 1011
-22, 5, 1006
4, 20, 1006
-1, 27, 1014
-10, 21, 1009
-11, 15, 1005
-11, 12, 1009
-10, 13, 1012
-10, 12, 1008
-10, 13, 1007
-10, 15, 1008
-10, 14, 1009
-10, 14, 1010
-11, 13, 1007
-11, 13, 1009
-10, 13, 1009
-11, 13, 1010
-10, 14, 1011
-10, 14, 1012
-10, 14, 1009
-11, 13, 1007
-10, 14, 1008
-10, 13, 1007
-11, 13, 1010
-11, 15, 1010
-11, 14, 1010
-9, 15, 1010
-11, 14, 1008
-9, 13, 1008
-11, 13, 1011
-11, 13, 1011
-11, 13, 1011
-9, 13, 1009
-8, 9, 1008
-8, 13, 1007
-8, 11, 1007
-10, 17, 1010
-9, 14, 1010
-14, 17, 1011
-12, 14, 1009
-10, 12, 1010
-10, 12, 1007
data 1
-9, 17, 1029
-10, 8, 987
-13, 16, 1014
-12, 14, 1012
-11, 14, 1009
-10, 14, 1008
-10, 14, 1012
-11, 13, 1012
-10, 12, 1012
-12, 12, 1010
-11, 13, 1008
-10, 14, 1009
-11, 14, 1007
-4, 12, 1008
-17, 20, 1019
-7, 11, 1001
-15, 18, 1003
-11, 14, 1018
-10, 12, 1017
-11, 10, 1004
-10, 10, 1010
-11, 12, 1010
-11, 15, 1007
-11, 14, 1008
-12, 15, 1009
-11, 14, 1009
-11, 14, 1007
-11, 14, 1008
-10, 13, 1009
-10, 13, 1012
-9, 14, 1012
-10, 14, 1008
-11, 14, 1010
-11, 12, 1008
-12, 13, 1010
-11, 14, 1009
-12, 13, 1009
-11, 14, 1010
-11, 13, 1009
-11, 13, 1010
-10, 13, 1013
-11, 14, 1011
-11, 13, 1011
-12, 13, 1009
-10, 14, 1009
-11, 14, 1010
-10, 14, 1010
-10, 14, 1012
-10, 13, 1010
-11, 13, 1009
-10, 13, 1010
-9, 11, 1011
78, -4, 1008
57, 0, 1006
45, 17, 1009
82, 50, 1014
162, 20, 1017
156, 1, 1008
196, -5, 993
193, -8, 1031
145, 24, 1024
117, 22, 996
44, 79, 1001
-2, 120, 999
-26, 164, 1007
-28, 184, 1006
-3, 236, 1008
-6, 293, 1007
-40, 316, 1018
16, 364, 1006
-43, 381, 1021
-32, 400, 1023
-37, 396, 983
-46, 323, 995
-60, 314, 1022
-97, 275, 996
-97, 244, 1013
-82, 293, 972
-90, 313, 1020
-79, 294, 1012
-111, 254, 1024
-75, 160, 1019
-73, 88, 973
-107, 119, 998
-67, 177, 1008
-131, 133, 1042
-67, 96, 988
-142, 38, 1001
-41, -52, 1077
-141, -6, 553
-128, -133, 1016
-83, -172, 1020
-41, -275, 1016
-88, -170, 1029
-105, -119, 967
-93, -145, 1063
-42, -159, 972
7, -239, 997
83, -334, 1026
113, -418, 1013
148, -528, 1028
122, -516, 1011
122, -449, 1019
45, -294, 1018
1, -128, 1013
2, -104, 998
56, -157, 1007
112, -232, 1017
104, -261, 1014
85, -246, 1013
-6, -71, 1010
2, -72, 1012
-9, -15, 1002
-7, 29, 1013
-4, 12, 1011
-7, 1, 1009
-8, 7, 1011
-9, 11, 1011
1, 7, 1009
0, -4, 1013
-33, 38, 1010
-21, 20, 1010
-12, 12, 1009
-12, 14, 1009
-9, 10, 1010
-11, 12, 1010
-12, 13, 1012
-11, 14, 1011
-12, 15, 1011
-12, 15, 1011
-13, 14, 1011
-12, 14, 1011
-13, 14, 1008
-11, 12, 1009
-12, 12, 1010
-13, 10, 1012
-6, 11, 1009
-18, 7, 1010
-27, -4, 1013
1, 28, 1011
-4, 24, 1011
-9, 16, 1013
-11, 15, 1011
data 2
-10, 13, 1012
-10, 13, 1009
-13, 16, 1012
-11, 14, 1012
-14, 14, 1010
-11, 15, 1014
-10, 14, 1012
-10, 12, 1009
-18, 18, 1010
-13, 15, 1013
-22, 20, 1010
-105, 67, 1009
-440, 274, 1007
-180, 420, 1012
-157, 290, 977
-180, 189, 1017
-252, 121, 1016
-170, 98, 1009
-112, 91, 1012
-152, -71, 976
-134, -65, 1039
-111, -134, 1038
-50, -233, 979
-106, -367, 1014
-158, -326, 1012
-115, -232, 1010
-97, -152, 1004
-135, -202, 983
-62, -221, 1016
-51, -219, 1012
-48, -239, 1026
1, -257, 1016
-6, -291, 985
35, -281, 1015
62, -204, 1044
49, -112, 992
51, -58, 989
109, -45, 1038
121, -191, 974
153, -220, 1037
111, -228, 1002
97, -166, 1032
121, -85, 997
143, -53, 1019
147, -40, 1020
208, 1, 1017
135, 62, 1000
132, -46, 978
216, 40, 1003
189, 66, 1002
213, 126, 1043
192, 191, 984
189, 193, 1007
192, 171, 1024
230, 107, 1005
232, 142, 1033
270, 171, 970
221, 193, 1015
208, 266, 992
200, 295, 1007
171, 333, 1022
136, 355, 987
71, 401, 1014
31, 430, 1013
-4, 434, 1003
-39, 417, 1019
-71, 465, 1020
-101, 484, 981
-123, 461, 1002
-140, 351, 1029
-183, 279, 1020
-183, 200, 983
-232, 93, 1016
-231, -6, 1002
-255, -45, 1016
-280, -53, 1009
-298, -49, 990
-307, -70, 1012
-278, -159, 1028
-233, -145, 1022
-186, -255, 995
-131, -305, 1044
-105, -297, 982
-112, -273, 1006
-80, -247, 1025
-99, -255, 1022
-109, -225, 982
-100, -197, 1018
-75, -231, 1023
-53, -204, 1033
-24, -172, 997
25, -190, 1005
32, -173, 992
60, -164, 1031
88, -172, 1031
88, -191, 985
88, -166, 1014
93, -117, 1010
96, -70, 1021
107, -108, 1008
82, -124, 1003
124, -65, 1026
95, -45, 1010
104, 0, 1010
90, 92, 1004
92, 105, 1004
104, 143, 1020
81, 128, 999
79, 126, 1012
74, 112, 1013
75, 113, 1014
34, 125, 990
24, 152, 1025
2, 204, 1004
2, 224, 1011
-1, 273, 1000
15, 200, 1001
20, 232, 1008
13, 214, 1008
24, 177, 1007
23, 74, 1010
22, 67, 1008
-7, 18, 1010
-8, 18, 1010
-3, 22, 1006
-15, 12, 1011
29, 45, 1016
27, 51, 1002
-40, -17, 1011
data 3
-8, 15, 1007
-9, 16, 1013
-12, 16, 1004
-9, 17, 1011
-8, 15, 1008
-9, 16, 1010
-9, 18, 1009
-9, 16, 1009
-9, 17, 1009
-7, 15, 1008
-8, 15, 1007
-8, 15, 1006
-12, 15, 1008
-4, 19, 1015
-2, 16, 1009
123, -12, 994
141, 41, 1021
178, 29, 997
174, 61, 1020
148, 51, 1009
144, 37, 988
108, 11, 1041
97, 24, 988
120, 17, 1029
99, 8, 980
99, 8, 1002
102, -10, 992
84, -18, 1037
90, -3, 981
81, -4, 997
69, -39, 1045
96, -53, 984
83, -41, 1025
64, 3, 993
50, 27, 1032
67, -6, 1020
63, -32, 1047
38, -73, 975
-18, -63, 1030
-19, -32, 1008
-83, -21, 973
-89, 10, 1045
-101, 37, 1007
-54, 59, 974
-48, 67, 1029
-41, 54, 984
-113, 27, 1005
-121, 5, 1033
-147, 5, 995
-154, 28, 1033
-171, 31, 989
-174, 22, 1025
-146, 5, 993
-138, 25, 994
-169, 38, 1004
-130, 60, 1011
-134, 40, 1013
-144, 27, 1015
-155, 16, 1005
-164, 9, 1001
-150, -3, 993
-189, 31, 1015
-188, 117, 1008
-50, 35, 1001
-13, 15, 1009
-9, 16, 1018
-11, 15, 1009
-7, 13, 1012
-11, 16, 1012
-11, 17, 1007
-10, 16, 1011
-10, 14, 1009
-14, 17, 1008
-13, 16, 1009
-4, 15, 1008
-11, 16, 1009
-9, 15, 1010
data 4
-9, 14, 1015
-9, 15, 998
-15, 15, 1016
-9, 17, 1009
-10, 16, 1011
-11, 15, 1015
-9, 20, 1010
-16, 10, 1011
-10, 17, 1014
-8, 15, 1009
-11, -105, 1007
131, -249, 1019
252, -379, 1013
186, -247, 1004
255, -45, 1029
230, 44, 995
73, 75, 988
120, 134, 1032
181, 106, 1037
152, 143, 1008
-45, 297, 1017
-54, 335, 982
-90, 380, 1035
-148, 407, 993
-180, 423, 984
-194, 422, 1022
-170, 394, 1019
-186, 351, 994
-242, 294, 998
-244, 255, 1002
-296, 119, 998
-266, 100, 1021
-280, 67, 1008
-260, 42, 1012
-238, -71, 994
-198, -130, 1036
-169, -221, 1010
-107, -242, 1031
-95, -257, 998
-125, -246, 1025
-116, -212, 1019
-57, -262, 1007
-59, -295, 997
-11, -312, 1029
-28, -340, 984
27, -363, 1022
-9, -320, 1019
-45, -288, 1002
41, -235, 1032
45, -228, 1013
33, -251, 991
37, -316, 988
71, -294, 1035
130, -231, 1020
150, -194, 1013
213, -171, 1025
257, -132, 989
255, -81, 1005
242, -27, 1039
240, 0, 1007
224, 15, 994
237, 32, 997
213, 85, 1013
239, 139, 1020
241, 196, 1012
223, 235, 992
199, 283, 1008
190, 220, 1011
206, 231, 1015
101, 296, 1011
58, 354, 1006
-29, 470, 1004
-34, 410, 1016
-39, 387, 990
-61, 376, 1017
-12, 398, 1013
-90, 388, 995
-162, 350, 1004
-179, 306, 1021
-221, 255, 1002
-242, 225, 1007
-225, 169, 1006
-234, -75, 1007
-254, -117, 1009
-264, -135, 993
-250, -151, 1022
-225, -162, 1007
-192, -154, 1002
-131, -185, 1033
-102, -211, 994
-82, -242, 1026
-59, -290, 1001
-102, -259, 989
-79, -256, 1023
-84, -243, 1011
-90, -250, 1003
-67, -245, 1016
-50, -211, 992
-32, -171, 1013
-7, -139, 1015
35, -129, 1010
44, -119, 1022
82, -101, 1012
69, -70, 1023
75, -85, 992
47, -76, 1011
52, -19, 1024
51, -17, 1007
67, -20, 999
51, 13, 1003
85, 60, 1026
96, 61, 1006
96, 126, 1016
56, 141, 1015
14, 147, 1056
131, 63, 947
34, 127, 1004
60, 148, 1019
91, 137, 891
46, 129, 1040
77, 123, 1003
58, 166, 1008
17, 154, 1005
16, 112, 1010
46, 136, 1012
39, 170, 998
10, 193, 1006
40, 161, 1011
50, 141, 1008
85, 139, 1011
34, 44, 1008
-7, 15, 1011
-9, 14, 1010
-10, 13, 1007
-9, 13, 1006
-10, 15, 1007
-7, 14, 1007
-7, 14, 1009
-9, 15, 1010
-11, 15, 1008
-11, 13, 1007
-11, 13, 1008
-10, 14, 1009
data 5
-10, 13, 1009
-3, 9, 1012
-13, 19, 1007
-7, 14, 1006
-8, 15, 1002
-8, 14, 1003
-9, 13, 1007
-10, 15, 1014
-11, 15, 1024
-10, 14, 1019
-8, 16, 1020
-8, 15, 1018
-7, 13, 1018
-12, 16, 1015
2, 16, 1017
86, 97, 994
-16, 14, 1013
30, 77, 1004
-15, 68, 1010
-3, 125, 1013
2, 169, 1007
-24, 195, 1012
-13, 162, 1011
-28, 184, 1011
-43, 195, 1007
-42, 154, 1017
-42, 143, 1017
-54, 233, 988
-73, 239, 1020
-100, 246, 944
-92, 234, 1063
-74, 204, 1024
-72, 106, 986
error when waiting
data 6
-72, 106, 986
error when waiting
data 7
-32, 37, 1014
error when waiting
data 8
-32, 37, 1014
error when waiting
data 9
-5, -2, 1011
error when waiting
data 10
-5, -2, 1011
error when waiting
data 11
27, 3, 1030
error when waiting
data 12
27, 3, 1030
error when waiting
data 13
6, 85, 1006
error when waiting
data 14
6, 85, 1006
error when waiting
data 15
6, 85, 1006
error when waiting
data 16
-21, 92, 1015
error when waiting
data 17
-21, 92, 1015
error when waiting
data 18
-3, 93, 1006
error when waiting
data 19
-3, 93, 1006
error when waiting
data 20
0, 127, 1001
error when waiting
data 21
0, 127, 1001
error when waiting
data 22
0, 127, 1001
error when waiting
data 23
-26, 123, 1005
error when waiting
data 24
-26, 123, 1005
error when waiting
data 25
-5, 152, 1028
error when waiting
data 26
-5, 152, 1028
error when waiting
data 27
12, 171, 1003
error when waiting
data 28
12, 171, 1003
error when waiting
data 29
-8, 112, 1004
error when waiting
data 30
-8, 112, 1004
error when waiting
data 31
-4, 82, 1008
error when waiting
data 32
-4, 82, 1008
error when waiting
data 33
-4, 82, 1008
error when waiting
data 34
8, 22, 1013
error when waiting
data 35
8, 22, 1013
error when waiting
data 36
4, 7, 1024
error when waiting
data 37
4, 7, 1024
error when waiting
data 38
2, 86, 1002
error when waiting
data 39
2, 86, 1002
error when waiting
data 40
2, 86, 1002
error when waiting
data 41
-3, 94, 1015
error when waiting
data 42
-3, 94, 1015
error when waiting
data 43
17, 73, 1004
error when waiting
data 44
17, 73, 1004
error when waiting
data 45
27, 8, 1015
error when waiting
data 46
27, 8, 1015
error when waiting
data 47
-5, -66, 1010
error when waiting
data 48
-5, -66, 1010
error when waiting
data 49
-5, -66, 1010
error when waiting
data 50
0, -92, 1015
error when waiting
data 51
0, -92, 1015
error when waiting
data 52
12, -42, 1008
error when waiting
data 53
12, -42, 1008
error when waiting
data 54
-5, 0, 1020
error when waiting
data 55
-5, 0, 1020
error when waiting
data 56
-27, 2, 999
error when waiting
data 57
-27, 2, 999
error when waiting
data 58
-27, 2, 999
error when waiting
data 59
0, -36, 1014
error when waiting
data 60
0, -36, 1014
error when waiting
data 61
-30, -3, 1005
error when waiting
data 62
-30, -3, 1005
error when waiting
data 63
34, -89, 1012
error when waiting
data 64
34, -89, 1012
error when waiting
data 65
40, -136, 1028
error when waiting
data 66
40, -136, 1028
error when waiting
data 67
40, -136, 1028
error when waiting
data 68
31, -142, 1007
error when waiting
data 69
31, -142, 1007
error when waiting
data 70
53, -172, 1011
error when waiting
data 71
53, -172, 1011
error when waiting
data 72
32, -208, 1004
error when waiting
data 73
32, -208, 1004
error when waiting
data 74
0, -188, 1019
error when waiting
data 75
0, -188, 1019
error when waiting
data 76
4, -217, 1002
error when waiting
data 77
4, -217, 1002
error when waiting
data 78
4, -217, 1002
error when waiting
data 79
18, -243, 1008
error when waiting
data 80
18, -243, 1008
error when waiting
data 81
0, -213, 1019
error when waiting
data 82
0, -213, 1019
error when waiting
data 83
20, -193, 1010
error when waiting
data 84
20, -193, 1010
error when waiting
data 85
9, -184, 1009
error when waiting
data 86
9, -184, 1009
error when waiting
data 87
13, -156, 1012
error when waiting
data 88
13, -156, 1012
error when waiting
data 89
18, -128, 1014
error when waiting
data 90
18, -128, 1014
error when waiting
data 91
18, -128, 1014
error when waiting
data 92
4, -136, 1010
error when waiting
data 93
4, -136, 1010
error when waiting
data 94
6, -191, 1011
error when waiting
data 95
6, -191, 1011
error when waiting
data 96
15, -168, 1011
error when waiting
data 97
15, -168, 1011
error when waiting
data 98
3, -159, 1010
error when waiting
data 99
3, -159, 1010
error when waiting
data 100
6, -95, 1011
error when waiting
data 101
6, -95, 1011
error when waiting
data 102
6, -95, 1011
error when waiting
data 103
4, -112, 1010
error when waiting
data 104
4, -112, 1010
error when waiting
data 105
-7, -76, 1008
error when waiting
data 106
-7, -76, 1008
error when waiting
data 107
-11, 12, 1008
error when waiting
data 108
-11, 12, 1008
error when waiting
data 109
-10, 13, 1009
error when waiting
data 110
-10, 13, 1009
error when waiting
data 111
-11, 13, 1009
error when waiting
data 112
-11, 13, 1009
error when waiting
data 113
-11, 14, 1009
error when waiting
data 114
-11, 14, 1009
error when waiting
data 115
-11, 14, 1009
error when waiting
data 116
-9, 18, 1008
error when waiting
data 117
-9, 18, 1008
error when waiting
data 118
-10, 16, 1010
error when waiting
data 119
-10, 16, 1010
error when waiting
data 120
-10, 14, 1009
error when waiting
data 121
-10, 14, 1009
error when waiting
data 122
-11, 13, 1010
error when waiting
data 123
-11, 13, 1010
error when waiting
data 124
-9, 12, 1008
error when waiting
data 125
-9, 12, 1008
error when waiting
data 126
-9, 12, 1008
error when waiting
data 127
-9, 12, 1007
error when waiting
data 128
-9, 12, 1007
error when waiting
data 129
-10, 13, 1008
error when waiting
data 130
-10, 13, 1008
error when waiting
data 131
-10, 15, 1009
error when waiting
data 132
-10, 15, 1009
error when waiting
data 133
-10, 16, 1008
error when waiting
data 134
-10, 16, 1008
error when waiting
data 135
-9, 15, 1011
error when waiting
data 136
-9, 15, 1011
error when waiting
data 137
-10, 15, 1009
error when waiting
data 138
-10, 15, 1009
error when waiting
data 139
-10, 15, 1009
error when waiting
data 140
-9, 14, 1009
error when waiting
data 141
-9, 14, 1009
error when waiting
data 142
-11, 13, 1008
error when waiting
data 143
-11, 13, 1008
error when waiting
data 144
-10, 13, 1009
error when waiting
data 145
-10, 13, 1009
error when waiting
data 146
-10, 12, 1009
error when waiting
data 147
-10, 12, 1009
error when waiting
data 148
-10, 14, 1009
error when waiting
data 149
-10, 14, 1009
error when waiting
data 150
-10, 14, 1008
error when waiting
data 151
-10, 14, 1008
error when waiting
data 152
-10, 14, 1008
error when waiting
data 153
-10, 14, 1009
error when waiting
data 154
-10, 14, 1009
error when waiting
data 155
-9, 16, 1010
error when waiting
data 156
-9, 16, 1010
error when waiting
data 157
-8, 11, 1007
error when waiting
data 158
-8, 11, 1007
error when waiting
data 159
-10, 19, 1009
error when waiting
data 160
-10, 19, 1009
error when waiting
data 161
-9, 13, 1009
error when waiting
data 162
-9, 13, 1009
error when waiting
data 163
-9, 13, 1009
error when waiting
data 164
-10, 14, 1009
error when waiting
data 165
-10, 14, 1009
error when waiting
data 166
-10, 12, 1007
error when waiting
data 167
-10, 12, 1007
error when waiting
data 168

Terminating...
Thanks for using picocom
